Pos	C>T	G>A	A>C	A>G	A>T	C>A	C>G	G>C	G>T	T>A	T>C	T>G	->ACGT	ACGT>-
24	0.095923	0.005445	0.000000	0.002789	0.000000	0.000000	0.002398	0.000000	0.000000	0.000000	0.000000	0.000000	0.000000	0.000000
23	0.088993	0.001730	0.000000	0.006757	0.001351	0.000000	0.002342	0.000000	0.000000	0.000000	0.002845	0.000000	0.000000	0.000000
22	0.044496	0.003521	0.000000	0.001456	0.001456	0.000000	0.000000	0.000000	0.000000	0.001305	0.003916	0.000000	0.000000	0.000000
21	0.056338	0.008850	0.001389	0.001389	0.001389	0.000000	0.000000	0.001770	0.000000	0.001357	0.001357	0.000000	0.000000	0.000000
20	0.047170	0.001848	0.000000	0.001466	0.002933	0.000000	0.000000	0.000000	0.001848	0.000000	0.002497	0.000000	0.000000	0.000000
19	0.074766	0.008333	0.000000	0.005865	0.000000	0.000000	0.000000	0.003333	0.000000	0.000000	0.005420	0.001355	0.000000	0.000000
18	0.053922	0.007030	0.000000	0.004342	0.000000	0.002451	0.000000	0.001757	0.000000	0.001282	0.003846	0.001282	0.000000	0.000000
17	0.049438	0.004942	0.000000	0.004329	0.000000	0.002247	0.000000	0.000000	0.001647	0.000000	0.004267	0.000000	0.000000	0.000000
16	0.030023	0.008183	0.000000	0.003106	0.003106	0.000000	0.000000	0.000000	0.000000	0.002632	0.013158	0.001316	0.000000	0.000000
15	0.097387	0.004950	0.000000	0.002845	0.000000	0.000000	0.000000	0.000000	0.001650	0.000000	0.001393	0.000000	0.000000	0.000000
14	0.054118	0.005425	0.000000	0.007205	0.000000	0.002353	0.000000	0.000000	0.001808	0.001289	0.003866	0.000000	0.000000	0.000000
13	0.074163	0.012090	0.000000	0.005857	0.001464	0.000000	0.000000	0.000000	0.000000	0.001302	0.005208	0.000000	0.000000	0.000000
12	0.082251	0.012195	0.000000	0.008863	0.000000	0.000000	0.002165	0.000000	0.000000	0.001361	0.008163	0.001361	0.000000	0.000000
11	0.094763	0.003540	0.000000	0.006916	0.000000	0.000000	0.000000	0.000000	0.001770	0.000000	0.003953	0.000000	0.000000	0.000000
10	0.076063	0.005190	0.000000	0.007353	0.000000	0.000000	0.002237	0.000000	0.003460	0.000000	0.005384	0.000000	0.000000	0.000000
9	0.092473	0.012500	0.000000	0.004412	0.000000	0.000000	0.002151	0.000000	0.000000	0.000000	0.009421	0.001346	0.000000	0.000000
8	0.134396	0.003781	0.000000	0.002670	0.000000	0.000000	0.002278	0.001890	0.001890	0.000000	0.005479	0.000000	0.000409	0.000000
7	0.138889	0.005008	0.000000	0.004673	0.001558	0.000000	0.000000	0.000000	0.000000	0.001290	0.002581	0.002581	0.000000	0.000000
6	0.124088	0.007018	0.000000	0.008499	0.001416	0.000000	0.000000	0.000000	0.000000	0.001314	0.002628	0.000000	0.000000	0.000000
5	0.194313	0.007080	0.000000	0.007032	0.002813	0.000000	0.000000	0.000000	0.000000	0.001333	0.001333	0.001333	0.000000	0.000000
4	0.183575	0.004975	0.001401	0.005602	0.004202	0.000000	0.002415	0.001658	0.001658	0.000000	0.002793	0.000000	0.000409	0.000000
3	0.252747	0.003273	0.000000	0.009284	0.000000	0.000000	0.000000	0.001637	0.001637	0.000000	0.004172	0.001391	0.000000	0.000000
2	0.350877	0.003263	0.000000	0.004981	0.001245	0.000000	0.000000	0.000000	0.000000	0.000000	0.004348	0.000000	0.000000	0.000000
1	0.460784	0.010703	0.000000	0.007299	0.001825	0.000000	0.000000	0.000000	0.000000	0.000000	0.000000	0.001193	0.000000	0.000000
0	0.593607	0.009862	0.001773	0.005319	0.001773	0.000000	0.000000	0.000000	0.000000	0.001065	0.003195	0.000000	0.000000	0.000000
