Pos	C>T	G>A	A>C	A>G	A>T	C>A	C>G	G>C	G>T	T>A	T>C	T>G	->ACGT	ACGT>-
0	0.617211	0.005093	0.000000	0.006502	0.001300	0.000000	0.000000	0.000000	0.000000	0.000000	0.000000	0.000000	0.000000	0.000000
1	0.511628	0.006734	0.000000	0.003963	0.001321	0.000000	0.000000	0.000000	0.000000	0.001328	0.002656	0.001328	0.000000	0.000000
2	0.365651	0.006299	0.000000	0.005472	0.000000	0.005540	0.000000	0.000000	0.000000	0.002774	0.001387	0.000000	0.000000	0.000000
3	0.314286	0.004992	0.002755	0.005510	0.000000	0.000000	0.000000	0.000000	0.000000	0.001359	0.004076	0.000000	0.000000	0.000000
4	0.259542	0.006757	0.000000	0.004155	0.002770	0.000000	0.000000	0.000000	0.000000	0.001350	0.002699	0.000000	0.000000	0.000000
5	0.188995	0.001852	0.001379	0.009655	0.000000	0.000000	0.000000	0.003704	0.000000	0.000000	0.002614	0.001307	0.000000	0.000000
6	0.133515	0.001751	0.002594	0.006485	0.000000	0.000000	0.000000	0.000000	0.000000	0.001353	0.002706	0.000000	0.000000	0.000000
7	0.130667	0.003571	0.000000	0.000000	0.001351	0.000000	0.000000	0.001786	0.000000	0.000000	0.003881	0.000000	0.000000	0.000000
8	0.127273	0.008532	0.000000	0.002972	0.000000	0.000000	0.000000	0.001706	0.000000	0.000000	0.004005	0.000000	0.000000	0.000000
9	0.090206	0.008681	0.001342	0.004027	0.000000	0.000000	0.000000	0.000000	0.000000	0.000000	0.001353	0.000000	0.000000	0.000000
10	0.079909	0.000000	0.001422	0.007112	0.002845	0.000000	0.000000	0.000000	0.000000	0.000000	0.003989	0.000000	0.000000	0.000000
11	0.103044	0.006957	0.000000	0.004286	0.000000	0.000000	0.002342	0.001739	0.001739	0.001340	0.002681	0.000000	0.000000	0.000000
12	0.071090	0.003257	0.000000	0.001412	0.000000	0.002370	0.000000	0.001629	0.000000	0.001420	0.004261	0.000000	0.000000	0.000000
13	0.080831	0.007156	0.000000	0.004298	0.001433	0.000000	0.000000	0.000000	0.000000	0.000000	0.009235	0.000000	0.000000	0.000000
14	0.064665	0.006897	0.000000	0.007396	0.000000	0.002309	0.000000	0.000000	0.001724	0.000000	0.003953	0.000000	0.000000	0.000000
15	0.049107	0.010239	0.000000	0.002946	0.000000	0.002232	0.000000	0.000000	0.000000	0.001361	0.001361	0.001361	0.000000	0.000000
16	0.060241	0.012027	0.001466	0.001466	0.002933	0.000000	0.000000	0.000000	0.000000	0.000000	0.003901	0.000000	0.000000	0.000000
17	0.059497	0.008696	0.000000	0.008876	0.000000	0.000000	0.000000	0.000000	0.001739	0.001316	0.002632	0.000000	0.000000	0.000000
18	0.051345	0.003373	0.001431	0.010014	0.001431	0.000000	0.002445	0.000000	0.001686	0.001339	0.005355	0.000000	0.000000	0.000000
19	0.066194	0.005146	0.000000	0.002924	0.000000	0.000000	0.002364	0.000000	0.003431	0.000000	0.005277	0.000000	0.000000	0.000000
20	0.075269	0.008636	0.000000	0.003021	0.000000	0.000000	0.000000	0.001727	0.001727	0.000000	0.004043	0.000000	0.000000	0.000000
21	0.080275	0.001786	0.000000	0.009669	0.000000	0.000000	0.002294	0.000000	0.000000	0.001374	0.005495	0.001374	0.000000	0.000000
22	0.073826	0.009158	0.000000	0.002954	0.000000	0.000000	0.004474	0.000000	0.000000	0.000000	0.005141	0.000000	0.000000	0.000000
23	0.055556	0.006814	0.000000	0.001460	0.000000	0.000000	0.002315	0.000000	0.000000	0.000000	0.002688	0.001344	0.000000	0.000000
24	0.117783	0.008803	0.000000	0.002941	0.000000	0.000000	0.000000	0.000000	0.000000	0.002608	0.007823	0.000000	0.000000	0.000000
