End	Std	Pos	A	C	G	T	Total
3p	+	1	256	101	104	419	880
3p	+	2	252	123	129	376	880
3p	+	3	351	125	136	268	880
3p	+	4	316	161	137	266	880
3p	+	5	292	198	132	258	880
3p	+	6	291	187	129	273	880
3p	+	7	289	213	127	251	880
3p	+	8	268	208	156	248	880
3p	+	9	314	214	121	231	880
3p	+	10	278	236	132	234	880
3p	+	11	285	221	125	249	880
3p	+	12	300	199	132	249	880
3p	+	13	304	240	120	216	880
3p	+	14	294	221	102	263	880
3p	+	15	303	227	124	226	880
3p	+	16	301	217	126	236	880
3p	+	17	274	245	135	226	880
3p	+	18	300	235	127	218	880
3p	+	19	283	209	134	254	880
3p	+	20	299	216	136	229	880
3p	+	21	275	214	111	280	880
3p	+	22	311	239	112	218	880
3p	+	23	302	202	144	232	880
3p	+	24	305	203	134	238	880
3p	+	25	296	227	110	247	880
3p	+	26	275	208	127	270	880
3p	+	27	291	196	134	259	880
3p	+	28	319	187	95	279	880
3p	+	29	326	157	141	256	880
3p	+	30	327	121	129	303	880
3p	+	31	251	112	104	243	710
3p	+	32	191	76	82	217	566
3p	+	33	153	66	67	170	456
3p	+	34	125	53	61	112	351
3p	+	35	105	45	44	80	274
3p	+	36	87	27	36	62	212
3p	+	37	61	22	20	64	167
3p	+	38	53	16	15	45	129
3p	+	39	32	18	18	35	103
3p	+	40	29	16	8	36	89
3p	+	41	28	14	16	17	75
3p	+	42	22	10	9	22	63
3p	+	43	17	7	8	16	48
3p	+	44	17	4	3	13	37
3p	+	45	7	3	4	9	23
3p	+	46	4	4	3	6	17
3p	+	47	7	0	2	3	12
3p	+	48	2	0	2	2	6
3p	+	49	0	0	0	2	2
3p	+	50	0	0	0	0	0
3p	+	51	0	0	0	0	0
3p	+	52	0	0	0	0	0
3p	+	53	0	0	0	0	0
3p	+	54	0	0	0	0	0
3p	+	55	0	0	0	0	0
3p	+	56	0	0	0	0	0
3p	+	57	0	0	0	0	0
3p	+	58	0	0	0	0	0
3p	+	59	0	0	0	0	0
3p	+	60	0	0	0	0	0
3p	+	61	0	0	0	0	0
3p	+	62	0	0	0	0	0
3p	+	63	0	0	0	0	0
3p	+	64	0	0	0	0	0
3p	+	65	0	0	0	0	0
3p	+	66	0	0	0	0	0
3p	+	67	0	0	0	0	0
3p	+	68	0	0	0	0	0
3p	+	69	0	0	0	0	0
3p	+	70	0	0	0	0	0
3p	+	71	0	0	0	0	0
3p	+	72	0	0	0	0	0
3p	+	73	0	0	0	0	0
3p	+	74	0	0	0	0	0
3p	+	75	0	0	0	0	0
3p	+	76	0	0	0	0	0
3p	+	77	0	0	0	0	0
3p	+	78	0	0	0	0	0
3p	+	79	0	0	0	0	0
3p	+	80	0	0	0	0	0
3p	+	81	0	0	0	0	0
3p	+	82	0	0	0	0	0
3p	+	83	0	0	0	0	0
3p	+	84	0	0	0	0	0
3p	+	85	0	0	0	0	0
3p	+	86	0	0	0	0	0
3p	+	87	0	0	0	0	0
3p	+	88	0	0	0	0	0
3p	+	89	0	0	0	0	0
3p	+	90	0	0	0	0	0
3p	+	91	0	0	0	0	0
3p	+	92	0	0	0	0	0
3p	+	93	0	0	0	0	0
3p	+	94	0	0	0	0	0
3p	+	95	0	0	0	0	0
3p	+	96	0	0	0	0	0
3p	+	97	0	0	0	0	0
3p	+	98	0	0	0	0	0
3p	+	99	0	0	0	0	0
3p	+	100	0	0	0	0	0
3p	-	1	309	81	401	777	1568
3p	-	2	298	97	523	650	1568
3p	-	3	449	100	479	540	1568
3p	-	4	433	115	478	542	1568
3p	-	5	417	144	471	536	1568
3p	-	6	418	154	438	558	1568
3p	-	7	415	149	445	559	1568
3p	-	8	374	166	445	583	1568
3p	-	9	435	171	407	555	1568
3p	-	10	406	192	426	544	1568
3p	-	11	393	195	454	526	1568
3p	-	12	420	167	435	546	1568
3p	-	13	375	189	455	549	1568
3p	-	14	392	170	474	532	1568
3p	-	15	391	177	430	570	1568
3p	-	16	403	164	478	523	1568
3p	-	17	373	185	474	536	1568
3p	-	18	394	190	479	505	1568
3p	-	19	411	180	434	543	1568
3p	-	20	384	186	462	536	1568
3p	-	21	405	192	429	542	1568
3p	-	22	412	166	448	542	1568
3p	-	23	386	209	423	550	1568
3p	-	24	430	187	449	502	1568
3p	-	25	422	149	441	556	1568
3p	-	26	396	160	438	574	1568
3p	-	27	441	155	421	551	1568
3p	-	28	407	120	488	553	1568
3p	-	29	430	139	437	562	1568
3p	-	30	434	103	478	553	1568
3p	-	31	379	84	396	489	1348
3p	-	32	318	77	335	406	1136
3p	-	33	264	58	286	344	952
3p	-	34	210	55	220	313	798
3p	-	35	164	42	204	240	650
3p	-	36	139	33	156	207	535
3p	-	37	125	16	136	163	440
3p	-	38	99	27	116	118	360
3p	-	39	80	11	100	105	296
3p	-	40	61	11	79	86	237
3p	-	41	52	11	51	77	191
3p	-	42	46	9	42	56	153
3p	-	43	34	5	30	49	118
3p	-	44	21	5	24	46	96
3p	-	45	18	5	16	29	68
3p	-	46	14	2	18	19	53
3p	-	47	11	1	10	8	30
3p	-	48	6	1	7	6	20
3p	-	49	1	0	2	6	9
3p	-	50	0	0	0	0	0
3p	-	51	0	0	0	0	0
3p	-	52	0	0	0	0	0
3p	-	53	0	0	0	0	0
3p	-	54	0	0	0	0	0
3p	-	55	0	0	0	0	0
3p	-	56	0	0	0	0	0
3p	-	57	0	0	0	0	0
3p	-	58	0	0	0	0	0
3p	-	59	0	0	0	0	0
3p	-	60	0	0	0	0	0
3p	-	61	0	0	0	0	0
3p	-	62	0	0	0	0	0
3p	-	63	0	0	0	0	0
3p	-	64	0	0	0	0	0
3p	-	65	0	0	0	0	0
3p	-	66	0	0	0	0	0
3p	-	67	0	0	0	0	0
3p	-	68	0	0	0	0	0
3p	-	69	0	0	0	0	0
3p	-	70	0	0	0	0	0
3p	-	71	0	0	0	0	0
3p	-	72	0	0	0	0	0
3p	-	73	0	0	0	0	0
3p	-	74	0	0	0	0	0
3p	-	75	0	0	0	0	0
3p	-	76	0	0	0	0	0
3p	-	77	0	0	0	0	0
3p	-	78	0	0	0	0	0
3p	-	79	0	0	0	0	0
3p	-	80	0	0	0	0	0
3p	-	81	0	0	0	0	0
3p	-	82	0	0	0	0	0
3p	-	83	0	0	0	0	0
3p	-	84	0	0	0	0	0
3p	-	85	0	0	0	0	0
3p	-	86	0	0	0	0	0
3p	-	87	0	0	0	0	0
3p	-	88	0	0	0	0	0
3p	-	89	0	0	0	0	0
3p	-	90	0	0	0	0	0
3p	-	91	0	0	0	0	0
3p	-	92	0	0	0	0	0
3p	-	93	0	0	0	0	0
3p	-	94	0	0	0	0	0
3p	-	95	0	0	0	0	0
3p	-	96	0	0	0	0	0
3p	-	97	0	0	0	0	0
3p	-	98	0	0	0	0	0
3p	-	99	0	0	0	0	0
3p	-	100	0	0	0	0	0
5p	+	1	327	71	131	351	880
5p	+	2	330	99	127	324	880
5p	+	3	315	134	148	283	880
5p	+	4	311	145	153	271	880
5p	+	5	296	172	146	266	880
5p	+	6	304	197	96	283	880
5p	+	7	315	201	118	246	880
5p	+	8	304	183	116	277	880
5p	+	9	288	224	116	252	880
5p	+	10	308	198	133	241	880
5p	+	11	290	215	138	237	880
5p	+	12	292	215	124	249	880
5p	+	13	288	229	138	225	880
5p	+	14	281	211	124	264	880
5p	+	15	284	220	129	247	880
5p	+	16	313	235	126	206	880
5p	+	17	286	220	118	256	880
5p	+	18	297	224	109	250	880
5p	+	19	292	227	126	235	880
5p	+	20	307	212	135	226	880
5p	+	21	298	241	127	214	880
5p	+	22	312	232	113	223	880
5p	+	23	272	231	123	254	880
5p	+	24	291	227	134	228	880
5p	+	25	285	205	127	263	880
5p	+	26	324	193	135	228	880
5p	+	27	288	215	123	254	880
5p	+	28	295	226	144	215	880
5p	+	29	291	180	129	280	880
5p	+	30	287	134	128	331	880
5p	+	31	229	116	96	269	710
5p	+	32	204	82	88	192	566
5p	+	33	144	71	58	183	456
5p	+	34	109	60	51	131	351
5p	+	35	85	48	37	104	274
5p	+	36	67	37	26	82	212
5p	+	37	64	18	32	53	167
5p	+	38	38	19	21	51	129
5p	+	39	30	28	12	33	103
5p	+	40	31	12	8	38	89
5p	+	41	24	10	10	31	75
5p	+	42	16	10	12	25	63
5p	+	43	17	5	11	15	48
5p	+	44	14	6	3	14	37
5p	+	45	9	1	2	11	23
5p	+	46	8	0	2	7	17
5p	+	47	7	1	0	4	12
5p	+	48	1	3	0	2	6
5p	+	49	0	0	0	2	2
5p	+	50	0	0	0	0	0
5p	+	51	0	0	0	0	0
5p	+	52	0	0	0	0	0
5p	+	53	0	0	0	0	0
5p	+	54	0	0	0	0	0
5p	+	55	0	0	0	0	0
5p	+	56	0	0	0	0	0
5p	+	57	0	0	0	0	0
5p	+	58	0	0	0	0	0
5p	+	59	0	0	0	0	0
5p	+	60	0	0	0	0	0
5p	+	61	0	0	0	0	0
5p	+	62	0	0	0	0	0
5p	+	63	0	0	0	0	0
5p	+	64	0	0	0	0	0
5p	+	65	0	0	0	0	0
5p	+	66	0	0	0	0	0
5p	+	67	0	0	0	0	0
5p	+	68	0	0	0	0	0
5p	+	69	0	0	0	0	0
5p	+	70	0	0	0	0	0
5p	+	71	0	0	0	0	0
5p	+	72	0	0	0	0	0
5p	+	73	0	0	0	0	0
5p	+	74	0	0	0	0	0
5p	+	75	0	0	0	0	0
5p	+	76	0	0	0	0	0
5p	+	77	0	0	0	0	0
5p	+	78	0	0	0	0	0
5p	+	79	0	0	0	0	0
5p	+	80	0	0	0	0	0
5p	+	81	0	0	0	0	0
5p	+	82	0	0	0	0	0
5p	+	83	0	0	0	0	0
5p	+	84	0	0	0	0	0
5p	+	85	0	0	0	0	0
5p	+	86	0	0	0	0	0
5p	+	87	0	0	0	0	0
5p	+	88	0	0	0	0	0
5p	+	89	0	0	0	0	0
5p	+	90	0	0	0	0	0
5p	+	91	0	0	0	0	0
5p	+	92	0	0	0	0	0
5p	+	93	0	0	0	0	0
5p	+	94	0	0	0	0	0
5p	+	95	0	0	0	0	0
5p	+	96	0	0	0	0	0
5p	+	97	0	0	0	0	0
5p	+	98	0	0	0	0	0
5p	+	99	0	0	0	0	0
5p	+	100	0	0	0	0	0
5p	-	1	439	58	460	611	1568
5p	-	2	428	71	467	602	1568
5p	-	3	420	94	487	567	1568
5p	-	4	413	124	449	582	1568
5p	-	5	426	121	445	576	1568
5p	-	6	414	147	449	558	1568
5p	-	7	451	121	457	539	1568
5p	-	8	437	147	441	543	1568
5p	-	9	388	164	466	550	1568
5p	-	10	438	157	441	532	1568
5p	-	11	405	192	422	549	1568
5p	-	12	410	170	449	539	1568
5p	-	13	423	166	474	505	1568
5p	-	14	417	194	434	523	1568
5p	-	15	392	187	451	538	1568
5p	-	16	372	191	457	548	1568
5p	-	17	399	174	458	537	1568
5p	-	18	379	189	466	534	1568
5p	-	19	401	165	472	530	1568
5p	-	20	378	186	446	558	1568
5p	-	21	367	193	447	561	1568
5p	-	22	407	172	455	534	1568
5p	-	23	408	185	422	553	1568
5p	-	24	397	182	452	537	1568
5p	-	25	400	183	438	547	1568
5p	-	26	398	187	458	525	1568
5p	-	27	410	175	440	543	1568
5p	-	28	427	158	441	542	1568
5p	-	29	407	146	463	552	1568
5p	-	30	347	111	457	653	1568
5p	-	31	367	97	379	505	1348
5p	-	32	308	79	321	428	1136
5p	-	33	225	59	299	369	952
5p	-	34	188	51	266	293	798
5p	-	35	164	48	180	258	650
5p	-	36	143	37	145	210	535
5p	-	37	93	26	141	180	440
5p	-	38	99	22	97	142	360
5p	-	39	81	16	88	111	296
5p	-	40	61	17	59	100	237
5p	-	41	46	14	60	71	191
5p	-	42	33	11	54	55	153
5p	-	43	23	6	33	56	118
5p	-	44	21	4	25	46	96
5p	-	45	19	3	21	25	68
5p	-	46	12	2	20	19	53
5p	-	47	8	1	9	12	30
5p	-	48	5	2	5	8	20
5p	-	49	1	0	2	6	9
5p	-	50	0	0	0	0	0
5p	-	51	0	0	0	0	0
5p	-	52	0	0	0	0	0
5p	-	53	0	0	0	0	0
5p	-	54	0	0	0	0	0
5p	-	55	0	0	0	0	0
5p	-	56	0	0	0	0	0
5p	-	57	0	0	0	0	0
5p	-	58	0	0	0	0	0
5p	-	59	0	0	0	0	0
5p	-	60	0	0	0	0	0
5p	-	61	0	0	0	0	0
5p	-	62	0	0	0	0	0
5p	-	63	0	0	0	0	0
5p	-	64	0	0	0	0	0
5p	-	65	0	0	0	0	0
5p	-	66	0	0	0	0	0
5p	-	67	0	0	0	0	0
5p	-	68	0	0	0	0	0
5p	-	69	0	0	0	0	0
5p	-	70	0	0	0	0	0
5p	-	71	0	0	0	0	0
5p	-	72	0	0	0	0	0
5p	-	73	0	0	0	0	0
5p	-	74	0	0	0	0	0
5p	-	75	0	0	0	0	0
5p	-	76	0	0	0	0	0
5p	-	77	0	0	0	0	0
5p	-	78	0	0	0	0	0
5p	-	79	0	0	0	0	0
5p	-	80	0	0	0	0	0
5p	-	81	0	0	0	0	0
5p	-	82	0	0	0	0	0
5p	-	83	0	0	0	0	0
5p	-	84	0	0	0	0	0
5p	-	85	0	0	0	0	0
5p	-	86	0	0	0	0	0
5p	-	87	0	0	0	0	0
5p	-	88	0	0	0	0	0
5p	-	89	0	0	0	0	0
5p	-	90	0	0	0	0	0
5p	-	91	0	0	0	0	0
5p	-	92	0	0	0	0	0
5p	-	93	0	0	0	0	0
5p	-	94	0	0	0	0	0
5p	-	95	0	0	0	0	0
5p	-	96	0	0	0	0	0
5p	-	97	0	0	0	0	0
5p	-	98	0	0	0	0	0
5p	-	99	0	0	0	0	0
5p	-	100	0	0	0	0	0
