Pos	C>T	G>A	A>C	A>G	A>T	C>A	C>G	G>C	G>T	T>A	T>C	T>G	->ACGT	ACGT>-
24	0.101163	0.004562	0.000000	0.009566	0.000736	0.001163	0.000000	0.000000	0.001825	0.000660	0.002640	0.000000	0.000000	0.000000
23	0.098722	0.004505	0.001394	0.006272	0.002091	0.001161	0.000000	0.000000	0.001802	0.001404	0.004213	0.000000	0.000000	0.000000
22	0.072515	0.004591	0.000000	0.011569	0.002892	0.000000	0.001170	0.000000	0.000000	0.000665	0.003992	0.000000	0.000000	0.000000
21	0.064982	0.002674	0.000000	0.005124	0.000732	0.001203	0.001203	0.000000	0.000000	0.000000	0.001324	0.000662	0.000000	0.000000
20	0.055100	0.010811	0.000689	0.004821	0.000689	0.000000	0.000000	0.000000	0.000000	0.000707	0.003534	0.000000	0.000000	0.000000
19	0.058140	0.007188	0.001513	0.004539	0.000756	0.000000	0.000000	0.000000	0.000000	0.001303	0.001954	0.000651	0.000000	0.000000
18	0.061372	0.002551	0.000000	0.007559	0.001512	0.000000	0.000000	0.000850	0.000000	0.000667	0.004667	0.000000	0.000000	0.000000
17	0.063854	0.000876	0.000708	0.002123	0.000708	0.000000	0.000000	0.000876	0.000876	0.000000	0.005004	0.001430	0.000000	0.000000
16	0.065909	0.008204	0.000000	0.005032	0.000719	0.001136	0.000000	0.000000	0.000000	0.000000	0.004788	0.000000	0.000000	0.000000
15	0.061905	0.005515	0.000000	0.002886	0.002165	0.000000	0.000000	0.000000	0.000919	0.000660	0.004620	0.000660	0.000207	0.000000
14	0.069087	0.005372	0.000699	0.004895	0.000000	0.001171	0.000000	0.000000	0.000000	0.002099	0.001400	0.000700	0.000000	0.000000
13	0.076923	0.004488	0.000000	0.002918	0.000729	0.001131	0.000000	0.000898	0.000898	0.000000	0.004107	0.000000	0.000000	0.000000
12	0.084524	0.008673	0.001470	0.005143	0.000000	0.000000	0.000000	0.000867	0.001735	0.000678	0.001357	0.000000	0.000414	0.000000
11	0.075908	0.010417	0.000000	0.005275	0.000754	0.000000	0.000000	0.000000	0.000000	0.000694	0.004164	0.001388	0.000207	0.000000
10	0.070340	0.003680	0.000000	0.003479	0.000696	0.000000	0.000000	0.000000	0.000000	0.001376	0.006194	0.000000	0.000000	0.000000
9	0.079327	0.004310	0.000000	0.006479	0.000720	0.000000	0.000000	0.000000	0.000000	0.000000	0.005521	0.000000	0.000000	0.000000
8	0.109223	0.002588	0.000000	0.004954	0.001415	0.000000	0.000000	0.000863	0.001726	0.002094	0.003489	0.000698	0.000207	0.000000
7	0.146341	0.006040	0.001559	0.007794	0.002338	0.001161	0.000000	0.000863	0.000863	0.001965	0.005239	0.000655	0.000000	0.000000
6	0.120245	0.006151	0.000000	0.006447	0.001433	0.000000	0.000000	0.000000	0.001757	0.001351	0.002703	0.000000	0.000207	0.000000
5	0.175644	0.004444	0.000757	0.006056	0.000757	0.000000	0.001171	0.000000	0.000889	0.000000	0.003922	0.000654	0.000000	0.000000
4	0.195416	0.005998	0.000000	0.009580	0.000737	0.000000	0.001206	0.000000	0.000000	0.000677	0.002031	0.001354	0.000000	0.000000
3	0.241700	0.005102	0.000000	0.010707	0.001428	0.001328	0.000000	0.000000	0.000850	0.000667	0.003333	0.002000	0.000000	0.000000
2	0.348506	0.005195	0.000000	0.003940	0.000657	0.001422	0.001422	0.000000	0.000000	0.000690	0.002070	0.001380	0.000000	0.000000
1	0.460449	0.003137	0.000966	0.007729	0.000000	0.000000	0.001181	0.000000	0.000784	0.000598	0.002391	0.002391	0.000000	0.000000
0	0.596175	0.005923	0.000000	0.003620	0.000905	0.002250	0.000000	0.000000	0.000987	0.001097	0.000000	0.000549	0.000000	0.000000
