Pos	C>T	G>A	A>C	A>G	A>T	C>A	C>G	G>C	G>T	T>A	T>C	T>G	->ACGT	ACGT>-
0	0.652108	0.004409	0.000673	0.003365	0.002019	0.000000	0.000000	0.000000	0.000000	0.001294	0.001294	0.000000	0.000000	0.000000
1	0.464578	0.004906	0.000720	0.004323	0.000720	0.000000	0.000000	0.000000	0.000818	0.003367	0.004040	0.000000	0.000000	0.000000
2	0.380261	0.005828	0.000684	0.005476	0.000684	0.001451	0.000000	0.000000	0.000833	0.001352	0.002705	0.000000	0.000000	0.000000
3	0.309211	0.002698	0.001372	0.008230	0.002058	0.000000	0.000000	0.000000	0.000899	0.000000	0.005333	0.000667	0.000000	0.000000
4	0.200758	0.004170	0.001456	0.008006	0.000000	0.001263	0.002525	0.000834	0.000834	0.000684	0.002051	0.000000	0.000207	0.000000
5	0.184769	0.009083	0.000000	0.005606	0.000701	0.000000	0.001248	0.000000	0.001817	0.000666	0.002665	0.000666	0.000000	0.000000
6	0.169903	0.006211	0.001458	0.008746	0.002187	0.001214	0.000000	0.000000	0.001775	0.000664	0.003981	0.000000	0.000000	0.000000
7	0.154791	0.006987	0.000711	0.005690	0.002134	0.000000	0.001229	0.000000	0.000000	0.001365	0.003413	0.001365	0.000000	0.000000
8	0.092659	0.001726	0.000000	0.007813	0.000710	0.000000	0.000000	0.000000	0.000000	0.000000	0.004190	0.000000	0.000000	0.000000
9	0.104651	0.004401	0.001447	0.005789	0.000724	0.001163	0.000000	0.000000	0.000000	0.000689	0.003444	0.000000	0.000000	0.000000
10	0.095771	0.006029	0.000720	0.005040	0.000720	0.001244	0.000000	0.000000	0.000000	0.000678	0.002033	0.000000	0.000000	0.000000
11	0.087010	0.003419	0.000743	0.006691	0.001487	0.000000	0.000000	0.000000	0.000855	0.000667	0.001334	0.000667	0.000000	0.000000
12	0.082474	0.004382	0.001460	0.008759	0.000730	0.000000	0.000000	0.000000	0.000000	0.001383	0.005533	0.000000	0.000000	0.000000
13	0.080645	0.003636	0.000000	0.007168	0.000000	0.002304	0.000000	0.000000	0.000909	0.002045	0.003408	0.000000	0.000000	0.000000
14	0.056338	0.002667	0.000725	0.005797	0.001449	0.000000	0.001174	0.000889	0.000889	0.000679	0.008147	0.000000	0.000000	0.000000
15	0.066279	0.009901	0.000000	0.005007	0.001431	0.001163	0.001163	0.000900	0.000000	0.000000	0.002738	0.000000	0.000000	0.000000
16	0.062500	0.007175	0.000000	0.006536	0.002179	0.000000	0.000000	0.000000	0.000000	0.001357	0.001357	0.001357	0.000000	0.000000
17	0.068694	0.005386	0.000731	0.004386	0.000000	0.000000	0.000000	0.000000	0.000898	0.000686	0.002743	0.000686	0.000207	0.000000
18	0.061433	0.010157	0.000000	0.003647	0.000729	0.001138	0.000000	0.000923	0.001847	0.000668	0.004679	0.000668	0.000207	0.000000
19	0.072619	0.004488	0.000736	0.004415	0.000000	0.000000	0.000000	0.000898	0.000898	0.001318	0.002637	0.000000	0.000000	0.000000
20	0.056805	0.004299	0.000718	0.006461	0.000718	0.001183	0.000000	0.000000	0.000000	0.000700	0.001400	0.000700	0.000000	0.000000
21	0.065497	0.007042	0.000000	0.005822	0.001456	0.000000	0.000000	0.000000	0.000000	0.000000	0.005464	0.000683	0.000207	0.000000
22	0.063854	0.005357	0.000722	0.007215	0.000722	0.000000	0.000000	0.000000	0.001786	0.001382	0.004147	0.000000	0.000000	0.000000
23	0.068675	0.008865	0.000709	0.005674	0.000709	0.000000	0.000000	0.000000	0.000887	0.001368	0.003420	0.001368	0.000000	0.000000
24	0.095349	0.007055	0.000000	0.001486	0.002229	0.000000	0.001163	0.000000	0.000000	0.000000	0.003358	0.000672	0.000207	0.000000
