End	Std	Pos	A	C	G	T	Total
3p	+	1	478	210	207	879	1774
3p	+	2	441	267	304	762	1774
3p	+	3	679	265	272	558	1774
3p	+	4	593	330	283	568	1774
3p	+	5	551	377	301	545	1774
3p	+	6	565	419	251	539	1774
3p	+	7	580	390	282	522	1774
3p	+	8	560	416	255	543	1774
3p	+	9	615	420	241	498	1774
3p	+	10	567	447	262	498	1774
3p	+	11	594	428	276	476	1774
3p	+	12	568	474	272	460	1774
3p	+	13	562	441	256	515	1774
3p	+	14	586	434	262	492	1774
3p	+	15	596	463	256	459	1774
3p	+	16	557	446	219	552	1774
3p	+	17	610	452	266	446	1774
3p	+	18	634	429	249	462	1774
3p	+	19	534	455	269	516	1774
3p	+	20	555	463	251	505	1774
3p	+	21	628	476	229	441	1774
3p	+	22	566	453	245	510	1774
3p	+	23	587	426	241	520	1774
3p	+	24	600	437	237	500	1774
3p	+	25	586	438	249	501	1774
3p	+	26	568	424	290	492	1774
3p	+	27	615	390	265	504	1774
3p	+	28	592	343	264	575	1774
3p	+	29	610	313	279	572	1774
3p	+	30	628	297	261	588	1774
3p	+	31	488	245	189	536	1458
3p	+	32	408	172	167	428	1175
3p	+	33	339	126	135	325	925
3p	+	34	264	86	106	276	732
3p	+	35	219	74	91	184	568
3p	+	36	165	76	66	157	464
3p	+	37	117	53	71	133	374
3p	+	38	97	39	41	97	274
3p	+	39	71	39	34	72	216
3p	+	40	73	21	28	62	184
3p	+	41	56	22	25	51	154
3p	+	42	40	20	18	50	128
3p	+	43	23	15	23	31	92
3p	+	44	23	5	9	30	67
3p	+	45	16	7	10	14	47
3p	+	46	18	2	4	9	33
3p	+	47	5	1	3	10	19
3p	+	48	5	2	3	5	15
3p	+	49	3	0	3	1	7
3p	+	50	0	0	0	0	0
3p	+	51	0	0	0	0	0
3p	+	52	0	0	0	0	0
3p	+	53	0	0	0	0	0
3p	+	54	0	0	0	0	0
3p	+	55	0	0	0	0	0
3p	+	56	0	0	0	0	0
3p	+	57	0	0	0	0	0
3p	+	58	0	0	0	0	0
3p	+	59	0	0	0	0	0
3p	+	60	0	0	0	0	0
3p	+	61	0	0	0	0	0
3p	+	62	0	0	0	0	0
3p	+	63	0	0	0	0	0
3p	+	64	0	0	0	0	0
3p	+	65	0	0	0	0	0
3p	+	66	0	0	0	0	0
3p	+	67	0	0	0	0	0
3p	+	68	0	0	0	0	0
3p	+	69	0	0	0	0	0
3p	+	70	0	0	0	0	0
3p	+	71	0	0	0	0	0
3p	+	72	0	0	0	0	0
3p	+	73	0	0	0	0	0
3p	+	74	0	0	0	0	0
3p	+	75	0	0	0	0	0
3p	+	76	0	0	0	0	0
3p	+	77	0	0	0	0	0
3p	+	78	0	0	0	0	0
3p	+	79	0	0	0	0	0
3p	+	80	0	0	0	0	0
3p	+	81	0	0	0	0	0
3p	+	82	0	0	0	0	0
3p	+	83	0	0	0	0	0
3p	+	84	0	0	0	0	0
3p	+	85	0	0	0	0	0
3p	+	86	0	0	0	0	0
3p	+	87	0	0	0	0	0
3p	+	88	0	0	0	0	0
3p	+	89	0	0	0	0	0
3p	+	90	0	0	0	0	0
3p	+	91	0	0	0	0	0
3p	+	92	0	0	0	0	0
3p	+	93	0	0	0	0	0
3p	+	94	0	0	0	0	0
3p	+	95	0	0	0	0	0
3p	+	96	0	0	0	0	0
3p	+	97	0	0	0	0	0
3p	+	98	0	0	0	0	0
3p	+	99	0	0	0	0	0
3p	+	100	0	0	0	0	0
3p	-	1	632	147	804	1473	3056
3p	-	2	590	194	979	1293	3056
3p	-	3	845	194	886	1131	3056
3p	-	4	799	245	904	1108	3056
3p	-	5	800	292	875	1089	3056
3p	-	6	751	291	878	1136	3056
3p	-	7	815	331	856	1054	3056
3p	-	8	719	329	906	1102	3056
3p	-	9	795	321	920	1020	3056
3p	-	10	817	327	902	1010	3056
3p	-	11	843	374	812	1027	3056
3p	-	12	764	373	877	1042	3056
3p	-	13	801	334	892	1029	3056
3p	-	14	786	388	849	1033	3056
3p	-	15	836	334	863	1023	3056
3p	-	16	829	350	867	1010	3056
3p	-	17	783	376	829	1068	3056
3p	-	18	775	401	894	986	3056
3p	-	19	781	333	913	1029	3056
3p	-	20	768	352	861	1075	3056
3p	-	21	828	336	876	1016	3056
3p	-	22	796	324	883	1053	3056
3p	-	23	782	372	860	1042	3056
3p	-	24	829	346	875	1006	3056
3p	-	25	766	338	853	1099	3056
3p	-	26	782	352	902	1020	3056
3p	-	27	841	318	911	986	3056
3p	-	28	775	262	915	1104	3056
3p	-	29	743	291	853	1169	3056
3p	-	30	812	215	903	1126	3056
3p	-	31	701	181	776	960	2618
3p	-	32	587	153	679	801	2220
3p	-	33	501	110	534	708	1853
3p	-	34	418	81	477	561	1537
3p	-	35	326	71	363	512	1272
3p	-	36	279	72	283	410	1044
3p	-	37	232	53	253	327	865
3p	-	38	189	39	234	238	700
3p	-	39	149	32	181	224	586
3p	-	40	123	19	138	190	470
3p	-	41	104	24	100	171	399
3p	-	42	79	17	96	131	323
3p	-	43	64	11	79	91	245
3p	-	44	56	9	72	64	201
3p	-	45	53	3	39	44	139
3p	-	46	29	7	26	36	98
3p	-	47	17	1	16	24	58
3p	-	48	14	1	14	10	39
3p	-	49	3	0	7	8	18
3p	-	50	0	0	0	0	0
3p	-	51	0	0	0	0	0
3p	-	52	0	0	0	0	0
3p	-	53	0	0	0	0	0
3p	-	54	0	0	0	0	0
3p	-	55	0	0	0	0	0
3p	-	56	0	0	0	0	0
3p	-	57	0	0	0	0	0
3p	-	58	0	0	0	0	0
3p	-	59	0	0	0	0	0
3p	-	60	0	0	0	0	0
3p	-	61	0	0	0	0	0
3p	-	62	0	0	0	0	0
3p	-	63	0	0	0	0	0
3p	-	64	0	0	0	0	0
3p	-	65	0	0	0	0	0
3p	-	66	0	0	0	0	0
3p	-	67	0	0	0	0	0
3p	-	68	0	0	0	0	0
3p	-	69	0	0	0	0	0
3p	-	70	0	0	0	0	0
3p	-	71	0	0	0	0	0
3p	-	72	0	0	0	0	0
3p	-	73	0	0	0	0	0
3p	-	74	0	0	0	0	0
3p	-	75	0	0	0	0	0
3p	-	76	0	0	0	0	0
3p	-	77	0	0	0	0	0
3p	-	78	0	0	0	0	0
3p	-	79	0	0	0	0	0
3p	-	80	0	0	0	0	0
3p	-	81	0	0	0	0	0
3p	-	82	0	0	0	0	0
3p	-	83	0	0	0	0	0
3p	-	84	0	0	0	0	0
3p	-	85	0	0	0	0	0
3p	-	86	0	0	0	0	0
3p	-	87	0	0	0	0	0
3p	-	88	0	0	0	0	0
3p	-	89	0	0	0	0	0
3p	-	90	0	0	0	0	0
3p	-	91	0	0	0	0	0
3p	-	92	0	0	0	0	0
3p	-	93	0	0	0	0	0
3p	-	94	0	0	0	0	0
3p	-	95	0	0	0	0	0
3p	-	96	0	0	0	0	0
3p	-	97	0	0	0	0	0
3p	-	98	0	0	0	0	0
3p	-	99	0	0	0	0	0
3p	-	100	0	0	0	0	0
5p	+	1	648	139	235	752	1774
5p	+	2	592	233	317	632	1774
5p	+	3	626	257	270	621	1774
5p	+	4	639	304	244	587	1774
5p	+	5	589	367	288	530	1774
5p	+	6	602	368	253	551	1774
5p	+	7	586	379	261	548	1774
5p	+	8	614	395	258	507	1774
5p	+	9	590	423	249	512	1774
5p	+	10	570	464	243	497	1774
5p	+	11	592	410	262	510	1774
5p	+	12	562	432	266	514	1774
5p	+	13	571	450	268	485	1774
5p	+	14	606	459	233	476	1774
5p	+	15	544	465	267	498	1774
5p	+	16	590	473	231	480	1774
5p	+	17	594	459	237	484	1774
5p	+	18	597	435	249	493	1774
5p	+	19	565	465	254	490	1774
5p	+	20	578	434	264	498	1774
5p	+	21	590	451	266	467	1774
5p	+	22	596	459	238	481	1774
5p	+	23	591	431	261	491	1774
5p	+	24	582	425	270	497	1774
5p	+	25	569	415	267	523	1774
5p	+	26	594	456	237	487	1774
5p	+	27	572	418	275	509	1774
5p	+	28	553	397	275	549	1774
5p	+	29	582	349	277	566	1774
5p	+	30	585	281	252	656	1774
5p	+	31	442	230	220	566	1458
5p	+	32	367	206	170	432	1175
5p	+	33	286	150	143	346	925
5p	+	34	235	122	105	270	732
5p	+	35	204	86	76	202	568
5p	+	36	133	78	78	175	464
5p	+	37	115	59	64	136	374
5p	+	38	82	49	40	103	274
5p	+	39	64	44	43	65	216
5p	+	40	54	27	25	78	184
5p	+	41	43	21	30	60	154
5p	+	42	44	17	22	45	128
5p	+	43	33	15	8	36	92
5p	+	44	24	11	10	22	67
5p	+	45	17	7	11	12	47
5p	+	46	9	5	4	15	33
5p	+	47	6	3	2	8	19
5p	+	48	6	3	2	4	15
5p	+	49	2	2	0	3	7
5p	+	50	0	0	0	0	0
5p	+	51	0	0	0	0	0
5p	+	52	0	0	0	0	0
5p	+	53	0	0	0	0	0
5p	+	54	0	0	0	0	0
5p	+	55	0	0	0	0	0
5p	+	56	0	0	0	0	0
5p	+	57	0	0	0	0	0
5p	+	58	0	0	0	0	0
5p	+	59	0	0	0	0	0
5p	+	60	0	0	0	0	0
5p	+	61	0	0	0	0	0
5p	+	62	0	0	0	0	0
5p	+	63	0	0	0	0	0
5p	+	64	0	0	0	0	0
5p	+	65	0	0	0	0	0
5p	+	66	0	0	0	0	0
5p	+	67	0	0	0	0	0
5p	+	68	0	0	0	0	0
5p	+	69	0	0	0	0	0
5p	+	70	0	0	0	0	0
5p	+	71	0	0	0	0	0
5p	+	72	0	0	0	0	0
5p	+	73	0	0	0	0	0
5p	+	74	0	0	0	0	0
5p	+	75	0	0	0	0	0
5p	+	76	0	0	0	0	0
5p	+	77	0	0	0	0	0
5p	+	78	0	0	0	0	0
5p	+	79	0	0	0	0	0
5p	+	80	0	0	0	0	0
5p	+	81	0	0	0	0	0
5p	+	82	0	0	0	0	0
5p	+	83	0	0	0	0	0
5p	+	84	0	0	0	0	0
5p	+	85	0	0	0	0	0
5p	+	86	0	0	0	0	0
5p	+	87	0	0	0	0	0
5p	+	88	0	0	0	0	0
5p	+	89	0	0	0	0	0
5p	+	90	0	0	0	0	0
5p	+	91	0	0	0	0	0
5p	+	92	0	0	0	0	0
5p	+	93	0	0	0	0	0
5p	+	94	0	0	0	0	0
5p	+	95	0	0	0	0	0
5p	+	96	0	0	0	0	0
5p	+	97	0	0	0	0	0
5p	+	98	0	0	0	0	0
5p	+	99	0	0	0	0	0
5p	+	100	0	0	0	0	0
5p	-	1	836	95	899	1226	3056
5p	-	2	799	167	905	1185	3056
5p	-	3	835	174	931	1116	3056
5p	-	4	805	231	877	1143	3056
5p	-	5	779	270	917	1090	3056
5p	-	6	827	288	846	1095	3056
5p	-	7	778	312	869	1097	3056
5p	-	8	790	298	890	1078	3056
5p	-	9	808	337	919	992	3056
5p	-	10	808	312	896	1040	3056
5p	-	11	797	320	899	1040	3056
5p	-	12	776	316	909	1055	3056
5p	-	13	791	361	880	1024	3056
5p	-	14	788	342	872	1054	3056
5p	-	15	829	352	862	1013	3056
5p	-	16	811	333	876	1036	3056
5p	-	17	781	353	881	1041	3056
5p	-	18	771	398	866	1021	3056
5p	-	19	813	368	821	1054	3056
5p	-	20	781	351	849	1075	3056
5p	-	21	799	348	902	1007	3056
5p	-	22	776	349	899	1032	3056
5p	-	23	791	397	861	1007	3056
5p	-	24	830	354	857	1015	3056
5p	-	25	781	367	863	1045	3056
5p	-	26	786	356	879	1035	3056
5p	-	27	795	319	887	1055	3056
5p	-	28	757	316	898	1085	3056
5p	-	29	760	298	914	1084	3056
5p	-	30	740	244	890	1182	3056
5p	-	31	642	197	777	1002	2618
5p	-	32	553	154	636	877	2220
5p	-	33	427	139	530	757	1853
5p	-	34	384	110	462	581	1537
5p	-	35	348	73	351	500	1272
5p	-	36	267	78	284	415	1044
5p	-	37	203	46	256	360	865
5p	-	38	148	47	223	282	700
5p	-	39	149	33	162	242	586
5p	-	40	111	29	145	185	470
5p	-	41	94	34	116	155	399
5p	-	42	82	15	83	143	323
5p	-	43	53	18	69	105	245
5p	-	44	48	11	45	97	201
5p	-	45	33	5	41	60	139
5p	-	46	18	7	28	45	98
5p	-	47	11	1	30	16	58
5p	-	48	13	0	8	18	39
5p	-	49	5	1	5	7	18
5p	-	50	0	0	0	0	0
5p	-	51	0	0	0	0	0
5p	-	52	0	0	0	0	0
5p	-	53	0	0	0	0	0
5p	-	54	0	0	0	0	0
5p	-	55	0	0	0	0	0
5p	-	56	0	0	0	0	0
5p	-	57	0	0	0	0	0
5p	-	58	0	0	0	0	0
5p	-	59	0	0	0	0	0
5p	-	60	0	0	0	0	0
5p	-	61	0	0	0	0	0
5p	-	62	0	0	0	0	0
5p	-	63	0	0	0	0	0
5p	-	64	0	0	0	0	0
5p	-	65	0	0	0	0	0
5p	-	66	0	0	0	0	0
5p	-	67	0	0	0	0	0
5p	-	68	0	0	0	0	0
5p	-	69	0	0	0	0	0
5p	-	70	0	0	0	0	0
5p	-	71	0	0	0	0	0
5p	-	72	0	0	0	0	0
5p	-	73	0	0	0	0	0
5p	-	74	0	0	0	0	0
5p	-	75	0	0	0	0	0
5p	-	76	0	0	0	0	0
5p	-	77	0	0	0	0	0
5p	-	78	0	0	0	0	0
5p	-	79	0	0	0	0	0
5p	-	80	0	0	0	0	0
5p	-	81	0	0	0	0	0
5p	-	82	0	0	0	0	0
5p	-	83	0	0	0	0	0
5p	-	84	0	0	0	0	0
5p	-	85	0	0	0	0	0
5p	-	86	0	0	0	0	0
5p	-	87	0	0	0	0	0
5p	-	88	0	0	0	0	0
5p	-	89	0	0	0	0	0
5p	-	90	0	0	0	0	0
5p	-	91	0	0	0	0	0
5p	-	92	0	0	0	0	0
5p	-	93	0	0	0	0	0
5p	-	94	0	0	0	0	0
5p	-	95	0	0	0	0	0
5p	-	96	0	0	0	0	0
5p	-	97	0	0	0	0	0
5p	-	98	0	0	0	0	0
5p	-	99	0	0	0	0	0
5p	-	100	0	0	0	0	0
