Pos	C>T	G>A	A>C	A>G	A>T	C>A	C>G	G>C	G>T	T>A	T>C	T>G	->ACGT	ACGT>-
24	0.099435	0.006014	0.001547	0.008507	0.000000	0.000000	0.001130	0.000000	0.000859	0.000666	0.003997	0.000000	0.000000	0.000000
23	0.095563	0.008326	0.000716	0.008596	0.001433	0.000000	0.000000	0.000000	0.000000	0.000672	0.001345	0.000000	0.000000	0.000000
22	0.057274	0.006623	0.000000	0.005080	0.000726	0.002291	0.000000	0.000000	0.000946	0.000000	0.001954	0.000651	0.000000	0.000000
21	0.051765	0.003626	0.000724	0.004342	0.000724	0.002353	0.000000	0.000000	0.000907	0.000663	0.004642	0.000000	0.000000	0.000000
20	0.047953	0.005338	0.000687	0.009622	0.000687	0.001170	0.001170	0.000890	0.000000	0.002131	0.006392	0.000710	0.000207	0.000000
19	0.050481	0.007011	0.004298	0.004298	0.000716	0.000000	0.000000	0.000876	0.000000	0.000678	0.006784	0.000000	0.000000	0.000000
18	0.064982	0.007162	0.000000	0.007289	0.000729	0.000000	0.001203	0.000000	0.000895	0.000000	0.007223	0.000000	0.000000	0.000000
17	0.059770	0.005249	0.000702	0.004213	0.000000	0.002299	0.000000	0.000875	0.000000	0.000000	0.004267	0.001422	0.000000	0.000000
16	0.047018	0.004505	0.000000	0.005714	0.000714	0.000000	0.001147	0.000000	0.000901	0.000684	0.004107	0.000000	0.000000	0.000000
15	0.086857	0.009726	0.000723	0.002890	0.001445	0.000000	0.000000	0.000000	0.002653	0.000688	0.004818	0.000688	0.000000	0.000000
14	0.070732	0.008079	0.000000	0.005498	0.001375	0.000000	0.000000	0.000898	0.002693	0.002063	0.008941	0.000000	0.000000	0.000000
13	0.089097	0.003646	0.000741	0.004448	0.000741	0.001172	0.000000	0.000912	0.000912	0.000000	0.005837	0.000000	0.000413	0.000000
12	0.080831	0.008897	0.000725	0.003626	0.000725	0.000000	0.000000	0.000000	0.002669	0.000679	0.008826	0.001358	0.000207	0.000000
11	0.071676	0.004625	0.000699	0.006993	0.000699	0.000000	0.001156	0.000000	0.000000	0.001363	0.005453	0.000000	0.000000	0.000000
10	0.095293	0.011207	0.000000	0.005113	0.000730	0.000000	0.001148	0.000862	0.000000	0.000000	0.004851	0.000000	0.000000	0.000000
9	0.085612	0.005338	0.002105	0.004912	0.000000	0.000000	0.000000	0.000890	0.000890	0.002065	0.003441	0.000000	0.000000	0.000000
8	0.117647	0.005495	0.001362	0.003406	0.000681	0.000000	0.000000	0.000000	0.000000	0.000690	0.008276	0.000000	0.000000	0.000000
7	0.116114	0.012469	0.000000	0.001471	0.003676	0.001185	0.001185	0.001663	0.001663	0.000696	0.002089	0.000696	0.000000	0.000000
6	0.146845	0.004517	0.000709	0.004965	0.001418	0.001214	0.000000	0.000000	0.000000	0.001332	0.005326	0.001332	0.000000	0.000000
5	0.178960	0.003620	0.000729	0.009482	0.000729	0.000000	0.000000	0.000000	0.000000	0.001299	0.003896	0.000000	0.000000	0.000000
4	0.223160	0.007799	0.000702	0.002107	0.000702	0.001206	0.001206	0.000000	0.000000	0.000000	0.003482	0.001393	0.000000	0.000000
3	0.230874	0.007699	0.000708	0.003541	0.000708	0.000000	0.001366	0.000000	0.000000	0.002614	0.005882	0.000654	0.000000	0.000000
2	0.348315	0.007732	0.000000	0.006361	0.001272	0.000000	0.000000	0.000859	0.000000	0.001434	0.002867	0.000717	0.000000	0.000000
1	0.481830	0.006011	0.000000	0.008043	0.001787	0.001346	0.000000	0.000751	0.001503	0.000606	0.002424	0.001212	0.000000	0.000000
0	0.565774	0.002000	0.000000	0.007168	0.002688	0.000000	0.000000	0.000000	0.002000	0.000535	0.001606	0.000535	0.000000	0.000000
