Pos	C>T	G>A	A>C	A>G	A>T	C>A	C>G	G>C	G>T	T>A	T>C	T>G	->ACGT	ACGT>-
0	0.630159	0.002586	0.000000	0.006020	0.000669	0.000000	0.000000	0.000862	0.000000	0.000642	0.001926	0.000642	0.000000	0.000000
1	0.484722	0.006092	0.000000	0.004733	0.000676	0.001389	0.000000	0.000870	0.000870	0.000000	0.004013	0.000669	0.000000	0.000000
2	0.373541	0.005932	0.002166	0.004332	0.001444	0.001297	0.000000	0.000847	0.000847	0.000000	0.004645	0.001327	0.000000	0.000000
3	0.311198	0.004296	0.000000	0.002827	0.000707	0.001302	0.001302	0.000859	0.000000	0.000668	0.003342	0.000668	0.000000	0.000000
4	0.226752	0.005172	0.000693	0.005548	0.000693	0.000000	0.002548	0.000862	0.000000	0.002060	0.002747	0.000000	0.000000	0.000000
5	0.182850	0.006009	0.000701	0.004905	0.000701	0.000000	0.000000	0.000000	0.000858	0.000686	0.003432	0.000000	0.000000	0.000000
6	0.164921	0.002502	0.001451	0.002177	0.000726	0.000000	0.000000	0.000000	0.000000	0.000666	0.004660	0.000000	0.000000	0.000000
7	0.119760	0.007036	0.000739	0.006652	0.001478	0.000000	0.000000	0.000000	0.000880	0.000000	0.002635	0.000000	0.000000	0.000000
8	0.118138	0.004405	0.000739	0.005170	0.001477	0.000000	0.000000	0.000000	0.000881	0.000000	0.002639	0.001319	0.000000	0.000000
9	0.107987	0.003721	0.001421	0.005686	0.000711	0.001125	0.000000	0.000930	0.000930	0.000000	0.003397	0.000679	0.000000	0.000000
10	0.075085	0.004492	0.001426	0.006415	0.001426	0.000000	0.000000	0.001797	0.000898	0.002072	0.004834	0.000000	0.000000	0.000000
11	0.084054	0.005410	0.001425	0.007835	0.000712	0.001236	0.000000	0.000000	0.000000	0.000658	0.004605	0.000658	0.000207	0.000000
12	0.079576	0.010230	0.002116	0.005642	0.000705	0.000000	0.000000	0.000000	0.000000	0.000668	0.005340	0.000000	0.000000	0.000000
13	0.063001	0.003617	0.000696	0.006263	0.000696	0.002291	0.001145	0.000904	0.000904	0.000701	0.004205	0.000000	0.000000	0.000000
14	0.070696	0.007958	0.000000	0.005259	0.000751	0.001140	0.000000	0.000000	0.001768	0.000000	0.004654	0.000665	0.000000	0.000000
15	0.058096	0.005029	0.000000	0.007042	0.001408	0.001236	0.000000	0.000000	0.000838	0.000000	0.003519	0.000704	0.000000	0.000000
16	0.081892	0.007319	0.000000	0.004814	0.002063	0.000000	0.000000	0.000000	0.000915	0.000700	0.004902	0.000000	0.000207	0.000000
17	0.066135	0.004550	0.000000	0.005772	0.000722	0.000000	0.003421	0.000000	0.001820	0.000000	0.007427	0.000675	0.000000	0.000000
18	0.055367	0.005848	0.000719	0.007189	0.000719	0.000000	0.002260	0.000000	0.001949	0.001299	0.002597	0.000000	0.000207	0.000000
19	0.064368	0.008264	0.001428	0.005710	0.000714	0.000000	0.000000	0.000000	0.000000	0.001349	0.010115	0.000000	0.000000	0.000000
20	0.067816	0.011576	0.000720	0.004323	0.000000	0.000000	0.000000	0.000000	0.000890	0.001368	0.004104	0.000000	0.000000	0.000000
21	0.068155	0.010667	0.000000	0.007138	0.000714	0.001175	0.000000	0.000000	0.000000	0.000682	0.004093	0.000000	0.000000	0.000000
22	0.061321	0.006211	0.001380	0.006211	0.000000	0.000000	0.000000	0.000887	0.000887	0.001409	0.004933	0.001409	0.000000	0.000000
23	0.075640	0.003697	0.001431	0.005722	0.000715	0.002225	0.000000	0.000000	0.000000	0.000683	0.005464	0.000000	0.000000	0.000000
24	0.079310	0.006470	0.000000	0.002128	0.000000	0.000000	0.003448	0.000000	0.000000	0.000675	0.009453	0.000000	0.000000	0.000000
