End	Std	Pos	A	C	G	T	Total
3p	+	1	449	210	212	877	1748
3p	+	2	480	231	320	717	1748
3p	+	3	700	255	238	555	1748
3p	+	4	603	331	256	558	1748
3p	+	5	594	354	255	545	1748
3p	+	6	571	373	272	532	1748
3p	+	7	576	407	250	515	1748
3p	+	8	594	392	263	499	1748
3p	+	9	644	430	233	441	1748
3p	+	10	602	432	229	485	1748
3p	+	11	570	448	242	488	1748
3p	+	12	595	447	246	460	1748
3p	+	13	597	448	231	472	1748
3p	+	14	552	455	243	498	1748
3p	+	15	609	421	239	479	1748
3p	+	16	591	443	229	485	1748
3p	+	17	561	451	256	480	1748
3p	+	18	617	455	254	422	1748
3p	+	19	598	433	223	494	1748
3p	+	20	607	426	240	475	1748
3p	+	21	586	448	210	504	1748
3p	+	22	566	444	229	509	1748
3p	+	23	572	447	235	494	1748
3p	+	24	570	436	242	500	1748
3p	+	25	544	441	252	511	1748
3p	+	26	553	421	269	505	1748
3p	+	27	600	399	239	510	1748
3p	+	28	600	345	250	553	1748
3p	+	29	598	344	276	530	1748
3p	+	30	618	257	269	604	1748
3p	+	31	488	233	225	496	1442
3p	+	32	429	157	175	407	1168
3p	+	33	325	142	161	309	937
3p	+	34	254	86	132	243	715
3p	+	35	181	89	96	196	562
3p	+	36	171	55	50	166	442
3p	+	37	126	37	44	126	333
3p	+	38	92	41	47	78	258
3p	+	39	71	31	37	67	206
3p	+	40	67	25	20	52	164
3p	+	41	47	16	17	48	128
3p	+	42	48	18	9	43	118
3p	+	43	21	12	10	46	89
3p	+	44	25	8	8	25	66
3p	+	45	20	6	5	13	44
3p	+	46	8	2	8	9	27
3p	+	47	7	1	4	6	18
3p	+	48	5	1	1	2	9
3p	+	49	0	0	0	2	2
3p	+	50	0	0	0	0	0
3p	+	51	0	0	0	0	0
3p	+	52	0	0	0	0	0
3p	+	53	0	0	0	0	0
3p	+	54	0	0	0	0	0
3p	+	55	0	0	0	0	0
3p	+	56	0	0	0	0	0
3p	+	57	0	0	0	0	0
3p	+	58	0	0	0	0	0
3p	+	59	0	0	0	0	0
3p	+	60	0	0	0	0	0
3p	+	61	0	0	0	0	0
3p	+	62	0	0	0	0	0
3p	+	63	0	0	0	0	0
3p	+	64	0	0	0	0	0
3p	+	65	0	0	0	0	0
3p	+	66	0	0	0	0	0
3p	+	67	0	0	0	0	0
3p	+	68	0	0	0	0	0
3p	+	69	0	0	0	0	0
3p	+	70	0	0	0	0	0
3p	+	71	0	0	0	0	0
3p	+	72	0	0	0	0	0
3p	+	73	0	0	0	0	0
3p	+	74	0	0	0	0	0
3p	+	75	0	0	0	0	0
3p	+	76	0	0	0	0	0
3p	+	77	0	0	0	0	0
3p	+	78	0	0	0	0	0
3p	+	79	0	0	0	0	0
3p	+	80	0	0	0	0	0
3p	+	81	0	0	0	0	0
3p	+	82	0	0	0	0	0
3p	+	83	0	0	0	0	0
3p	+	84	0	0	0	0	0
3p	+	85	0	0	0	0	0
3p	+	86	0	0	0	0	0
3p	+	87	0	0	0	0	0
3p	+	88	0	0	0	0	0
3p	+	89	0	0	0	0	0
3p	+	90	0	0	0	0	0
3p	+	91	0	0	0	0	0
3p	+	92	0	0	0	0	0
3p	+	93	0	0	0	0	0
3p	+	94	0	0	0	0	0
3p	+	95	0	0	0	0	0
3p	+	96	0	0	0	0	0
3p	+	97	0	0	0	0	0
3p	+	98	0	0	0	0	0
3p	+	99	0	0	0	0	0
3p	+	100	0	0	0	0	0
3p	-	1	659	166	793	1477	3095
3p	-	2	638	158	1011	1288	3095
3p	-	3	871	214	927	1083	3095
3p	-	4	815	241	911	1128	3095
3p	-	5	835	294	896	1070	3095
3p	-	6	791	313	842	1149	3095
3p	-	7	832	304	861	1098	3095
3p	-	8	776	357	925	1037	3095
3p	-	9	823	319	858	1095	3095
3p	-	10	822	346	894	1033	3095
3p	-	11	804	347	912	1032	3095
3p	-	12	830	364	841	1060	3095
3p	-	13	786	363	887	1059	3095
3p	-	14	794	334	854	1113	3095
3p	-	15	848	355	870	1022	3095
3p	-	16	798	364	893	1040	3095
3p	-	17	836	385	857	1017	3095
3p	-	18	808	369	890	1028	3095
3p	-	19	771	354	896	1074	3095
3p	-	20	785	381	898	1031	3095
3p	-	21	863	376	923	933	3095
3p	-	22	815	368	875	1037	3095
3p	-	23	807	377	822	1089	3095
3p	-	24	821	362	842	1070	3095
3p	-	25	744	363	916	1072	3095
3p	-	26	820	307	917	1051	3095
3p	-	27	869	322	889	1015	3095
3p	-	28	797	269	917	1112	3095
3p	-	29	792	291	877	1135	3095
3p	-	30	838	222	881	1154	3095
3p	-	31	672	192	811	998	2673
3p	-	32	603	134	662	888	2287
3p	-	33	536	118	520	713	1887
3p	-	34	422	99	433	611	1565
3p	-	35	331	97	373	477	1278
3p	-	36	295	64	285	399	1043
3p	-	37	222	50	244	339	855
3p	-	38	187	45	207	267	706
3p	-	39	165	24	148	241	578
3p	-	40	133	26	133	178	470
3p	-	41	95	27	123	146	391
3p	-	42	90	23	94	125	332
3p	-	43	62	13	86	98	259
3p	-	44	51	8	60	85	204
3p	-	45	34	9	54	52	149
3p	-	46	28	8	29	41	106
3p	-	47	14	3	26	29	72
3p	-	48	8	2	13	19	42
3p	-	49	6	1	6	6	19
3p	-	50	0	0	0	0	0
3p	-	51	0	0	0	0	0
3p	-	52	0	0	0	0	0
3p	-	53	0	0	0	0	0
3p	-	54	0	0	0	0	0
3p	-	55	0	0	0	0	0
3p	-	56	0	0	0	0	0
3p	-	57	0	0	0	0	0
3p	-	58	0	0	0	0	0
3p	-	59	0	0	0	0	0
3p	-	60	0	0	0	0	0
3p	-	61	0	0	0	0	0
3p	-	62	0	0	0	0	0
3p	-	63	0	0	0	0	0
3p	-	64	0	0	0	0	0
3p	-	65	0	0	0	0	0
3p	-	66	0	0	0	0	0
3p	-	67	0	0	0	0	0
3p	-	68	0	0	0	0	0
3p	-	69	0	0	0	0	0
3p	-	70	0	0	0	0	0
3p	-	71	0	0	0	0	0
3p	-	72	0	0	0	0	0
3p	-	73	0	0	0	0	0
3p	-	74	0	0	0	0	0
3p	-	75	0	0	0	0	0
3p	-	76	0	0	0	0	0
3p	-	77	0	0	0	0	0
3p	-	78	0	0	0	0	0
3p	-	79	0	0	0	0	0
3p	-	80	0	0	0	0	0
3p	-	81	0	0	0	0	0
3p	-	82	0	0	0	0	0
3p	-	83	0	0	0	0	0
3p	-	84	0	0	0	0	0
3p	-	85	0	0	0	0	0
3p	-	86	0	0	0	0	0
3p	-	87	0	0	0	0	0
3p	-	88	0	0	0	0	0
3p	-	89	0	0	0	0	0
3p	-	90	0	0	0	0	0
3p	-	91	0	0	0	0	0
3p	-	92	0	0	0	0	0
3p	-	93	0	0	0	0	0
3p	-	94	0	0	0	0	0
3p	-	95	0	0	0	0	0
3p	-	96	0	0	0	0	0
3p	-	97	0	0	0	0	0
3p	-	98	0	0	0	0	0
3p	-	99	0	0	0	0	0
3p	-	100	0	0	0	0	0
5p	+	1	637	148	266	697	1748
5p	+	2	647	209	274	618	1748
5p	+	3	599	283	271	595	1748
5p	+	4	603	301	268	576	1748
5p	+	5	607	337	247	557	1748
5p	+	6	599	374	255	520	1748
5p	+	7	578	372	268	530	1748
5p	+	8	580	412	257	499	1748
5p	+	9	577	390	254	527	1748
5p	+	10	592	447	238	471	1748
5p	+	11	537	474	237	500	1748
5p	+	12	569	425	234	520	1748
5p	+	13	609	393	251	495	1748
5p	+	14	558	440	252	498	1748
5p	+	15	577	446	227	498	1748
5p	+	16	624	436	246	442	1748
5p	+	17	573	445	254	476	1748
5p	+	18	590	463	220	475	1748
5p	+	19	585	477	195	491	1748
5p	+	20	586	453	234	475	1748
5p	+	21	579	456	240	473	1748
5p	+	22	617	444	231	456	1748
5p	+	23	605	441	248	454	1748
5p	+	24	580	444	242	482	1748
5p	+	25	597	447	220	484	1748
5p	+	26	572	405	257	514	1748
5p	+	27	591	413	263	481	1748
5p	+	28	597	381	240	530	1748
5p	+	29	592	340	261	555	1748
5p	+	30	551	287	264	646	1748
5p	+	31	476	213	201	552	1442
5p	+	32	364	202	170	432	1168
5p	+	33	302	133	153	349	937
5p	+	34	238	113	113	251	715
5p	+	35	178	90	90	204	562
5p	+	36	145	60	67	170	442
5p	+	37	121	31	53	128	333
5p	+	38	91	36	44	87	258
5p	+	39	56	31	38	81	206
5p	+	40	62	26	29	47	164
5p	+	41	47	18	22	41	128
5p	+	42	40	14	19	45	118
5p	+	43	31	11	15	32	89
5p	+	44	18	12	9	27	66
5p	+	45	14	3	6	21	44
5p	+	46	5	4	3	15	27
5p	+	47	5	3	2	8	18
5p	+	48	1	1	2	5	9
5p	+	49	0	0	1	1	2
5p	+	50	0	0	0	0	0
5p	+	51	0	0	0	0	0
5p	+	52	0	0	0	0	0
5p	+	53	0	0	0	0	0
5p	+	54	0	0	0	0	0
5p	+	55	0	0	0	0	0
5p	+	56	0	0	0	0	0
5p	+	57	0	0	0	0	0
5p	+	58	0	0	0	0	0
5p	+	59	0	0	0	0	0
5p	+	60	0	0	0	0	0
5p	+	61	0	0	0	0	0
5p	+	62	0	0	0	0	0
5p	+	63	0	0	0	0	0
5p	+	64	0	0	0	0	0
5p	+	65	0	0	0	0	0
5p	+	66	0	0	0	0	0
5p	+	67	0	0	0	0	0
5p	+	68	0	0	0	0	0
5p	+	69	0	0	0	0	0
5p	+	70	0	0	0	0	0
5p	+	71	0	0	0	0	0
5p	+	72	0	0	0	0	0
5p	+	73	0	0	0	0	0
5p	+	74	0	0	0	0	0
5p	+	75	0	0	0	0	0
5p	+	76	0	0	0	0	0
5p	+	77	0	0	0	0	0
5p	+	78	0	0	0	0	0
5p	+	79	0	0	0	0	0
5p	+	80	0	0	0	0	0
5p	+	81	0	0	0	0	0
5p	+	82	0	0	0	0	0
5p	+	83	0	0	0	0	0
5p	+	84	0	0	0	0	0
5p	+	85	0	0	0	0	0
5p	+	86	0	0	0	0	0
5p	+	87	0	0	0	0	0
5p	+	88	0	0	0	0	0
5p	+	89	0	0	0	0	0
5p	+	90	0	0	0	0	0
5p	+	91	0	0	0	0	0
5p	+	92	0	0	0	0	0
5p	+	93	0	0	0	0	0
5p	+	94	0	0	0	0	0
5p	+	95	0	0	0	0	0
5p	+	96	0	0	0	0	0
5p	+	97	0	0	0	0	0
5p	+	98	0	0	0	0	0
5p	+	99	0	0	0	0	0
5p	+	100	0	0	0	0	0
5p	-	1	852	89	900	1254	3095
5p	-	2	832	168	874	1221	3095
5p	-	3	783	210	908	1194	3095
5p	-	4	814	232	896	1153	3095
5p	-	5	834	274	916	1071	3095
5p	-	6	827	280	910	1078	3095
5p	-	7	798	275	931	1091	3095
5p	-	8	769	328	880	1118	3095
5p	-	9	772	354	884	1085	3095
5p	-	10	809	353	840	1093	3095
5p	-	11	861	350	877	1007	3095
5p	-	12	829	325	881	1060	3095
5p	-	13	810	312	918	1055	3095
5p	-	14	875	383	858	979	3095
5p	-	15	756	375	901	1063	3095
5p	-	16	791	330	951	1023	3095
5p	-	17	880	359	837	1019	3095
5p	-	18	792	364	884	1055	3095
5p	-	19	802	363	835	1095	3095
5p	-	20	815	378	854	1048	3095
5p	-	21	817	362	875	1041	3095
5p	-	22	787	354	892	1062	3095
5p	-	23	842	365	881	1007	3095
5p	-	24	814	395	844	1042	3095
5p	-	25	818	365	861	1051	3095
5p	-	26	815	386	883	1011	3095
5p	-	27	785	316	888	1106	3095
5p	-	28	831	306	865	1093	3095
5p	-	29	789	258	912	1136	3095
5p	-	30	739	245	881	1230	3095
5p	-	31	660	196	790	1027	2673
5p	-	32	596	163	627	901	2287
5p	-	33	448	131	560	748	1887
5p	-	34	354	130	492	589	1565
5p	-	35	326	95	356	501	1278
5p	-	36	271	72	312	388	1043
5p	-	37	213	59	249	334	855
5p	-	38	177	50	201	278	706
5p	-	39	170	46	170	192	578
5p	-	40	115	28	133	194	470
5p	-	41	94	34	110	153	391
5p	-	42	89	16	110	117	332
5p	-	43	53	16	79	111	259
5p	-	44	52	10	63	79	204
5p	-	45	40	9	37	63	149
5p	-	46	22	10	31	43	106
5p	-	47	13	6	23	30	72
5p	-	48	7	1	18	16	42
5p	-	49	4	2	4	9	19
5p	-	50	0	0	0	0	0
5p	-	51	0	0	0	0	0
5p	-	52	0	0	0	0	0
5p	-	53	0	0	0	0	0
5p	-	54	0	0	0	0	0
5p	-	55	0	0	0	0	0
5p	-	56	0	0	0	0	0
5p	-	57	0	0	0	0	0
5p	-	58	0	0	0	0	0
5p	-	59	0	0	0	0	0
5p	-	60	0	0	0	0	0
5p	-	61	0	0	0	0	0
5p	-	62	0	0	0	0	0
5p	-	63	0	0	0	0	0
5p	-	64	0	0	0	0	0
5p	-	65	0	0	0	0	0
5p	-	66	0	0	0	0	0
5p	-	67	0	0	0	0	0
5p	-	68	0	0	0	0	0
5p	-	69	0	0	0	0	0
5p	-	70	0	0	0	0	0
5p	-	71	0	0	0	0	0
5p	-	72	0	0	0	0	0
5p	-	73	0	0	0	0	0
5p	-	74	0	0	0	0	0
5p	-	75	0	0	0	0	0
5p	-	76	0	0	0	0	0
5p	-	77	0	0	0	0	0
5p	-	78	0	0	0	0	0
5p	-	79	0	0	0	0	0
5p	-	80	0	0	0	0	0
5p	-	81	0	0	0	0	0
5p	-	82	0	0	0	0	0
5p	-	83	0	0	0	0	0
5p	-	84	0	0	0	0	0
5p	-	85	0	0	0	0	0
5p	-	86	0	0	0	0	0
5p	-	87	0	0	0	0	0
5p	-	88	0	0	0	0	0
5p	-	89	0	0	0	0	0
5p	-	90	0	0	0	0	0
5p	-	91	0	0	0	0	0
5p	-	92	0	0	0	0	0
5p	-	93	0	0	0	0	0
5p	-	94	0	0	0	0	0
5p	-	95	0	0	0	0	0
5p	-	96	0	0	0	0	0
5p	-	97	0	0	0	0	0
5p	-	98	0	0	0	0	0
5p	-	99	0	0	0	0	0
5p	-	100	0	0	0	0	0
