Pos	C>T	G>A	A>C	A>G	A>T	C>A	C>G	G>C	G>T	T>A	T>C	T>G	->ACGT	ACGT>-
24	0.090625	0.007126	0.000000	0.001918	0.000000	0.001563	0.001563	0.000000	0.000000	0.000000	0.002646	0.000000	0.000000	0.000000
23	0.092375	0.002404	0.000925	0.007401	0.000925	0.000000	0.002933	0.000000	0.000000	0.000940	0.003759	0.000000	0.000000	0.000000
22	0.044374	0.007134	0.000000	0.002868	0.000956	0.000000	0.000000	0.000000	0.000000	0.002629	0.004382	0.000000	0.000000	0.000000
21	0.055911	0.004734	0.000940	0.001880	0.000940	0.000000	0.001597	0.001183	0.000000	0.000890	0.001779	0.000000	0.000000	0.000000
20	0.046850	0.004808	0.000000	0.001908	0.002863	0.000000	0.000000	0.000000	0.001202	0.000000	0.002586	0.000000	0.000000	0.000000
19	0.063444	0.005714	0.000000	0.004921	0.000000	0.001511	0.000000	0.002286	0.000000	0.000000	0.002712	0.001808	0.000000	0.000000
18	0.061728	0.007109	0.000000	0.003925	0.000000	0.000000	0.000000	0.000000	0.000000	0.000871	0.005226	0.001742	0.000000	0.000000
17	0.058122	0.003261	0.000000	0.005859	0.000977	0.001490	0.000000	0.000000	0.001087	0.000000	0.006705	0.000000	0.000000	0.000000
16	0.042618	0.006565	0.000000	0.007307	0.002088	0.000000	0.000000	0.001094	0.000000	0.001770	0.007080	0.000885	0.000000	0.000000
15	0.085803	0.003513	0.000951	0.001901	0.000000	0.000000	0.000000	0.000000	0.001171	0.000899	0.003597	0.000000	0.000000	0.000000
14	0.048742	0.004779	0.000000	0.005786	0.000000	0.001572	0.000000	0.000000	0.001195	0.001741	0.005222	0.000000	0.000000	0.000000
13	0.079114	0.008899	0.000000	0.005906	0.000984	0.000000	0.000000	0.000000	0.000000	0.001799	0.004496	0.000899	0.000000	0.000000
12	0.081277	0.010539	0.000976	0.007805	0.002927	0.001451	0.001451	0.000000	0.000000	0.000917	0.006416	0.000917	0.000000	0.000000
11	0.086003	0.003567	0.000000	0.007394	0.000000	0.000000	0.000000	0.001189	0.000000	0.000875	0.002625	0.000000	0.000000	0.000000
10	0.079341	0.008314	0.000000	0.005871	0.000000	0.001497	0.000000	0.000000	0.001188	0.000000	0.005324	0.000000	0.000000	0.000000
9	0.092564	0.011891	0.000000	0.007626	0.000000	0.000000	0.001517	0.000000	0.000000	0.000000	0.009009	0.000901	0.000000	0.000000
8	0.118280	0.001212	0.000000	0.002655	0.000000	0.000000	0.003072	0.001212	0.001212	0.000000	0.003802	0.000000	0.000273	0.000000
7	0.140483	0.004540	0.000000	0.006211	0.001035	0.000000	0.000000	0.000000	0.000000	0.002609	0.002609	0.001739	0.000000	0.000000
6	0.139837	0.008294	0.000000	0.010290	0.000935	0.001626	0.000000	0.000000	0.000000	0.000884	0.001768	0.000884	0.000000	0.000000
5	0.188498	0.005727	0.000000	0.006757	0.003861	0.001597	0.001597	0.000000	0.001145	0.002669	0.001779	0.001779	0.000000	0.000000
4	0.176860	0.004367	0.001921	0.005764	0.002882	0.001653	0.001653	0.002183	0.001092	0.000000	0.001825	0.000000	0.000273	0.000000
3	0.275362	0.003286	0.000894	0.008937	0.000894	0.000000	0.000000	0.001095	0.001095	0.000930	0.006512	0.001860	0.000000	0.000000
2	0.363458	0.003330	0.000827	0.007444	0.000827	0.000000	0.000000	0.000000	0.000000	0.000000	0.002885	0.000000	0.000000	0.000000
1	0.482143	0.007284	0.001209	0.006046	0.002418	0.000000	0.000000	0.000000	0.001041	0.000000	0.000000	0.000797	0.000000	0.000000
0	0.571212	0.007843	0.001209	0.007255	0.002418	0.000000	0.000000	0.000000	0.000000	0.000711	0.002132	0.000000	0.000000	0.000000
