Pos	C>T	G>A	A>C	A>G	A>T	C>A	C>G	G>C	G>T	T>A	T>C	T>G	->ACGT	ACGT>-
0	0.595190	0.007982	0.000903	0.009025	0.000903	0.000000	0.000000	0.001140	0.000000	0.001702	0.000000	0.000851	0.000000	0.000000
1	0.506048	0.006674	0.000873	0.004367	0.000873	0.000000	0.000000	0.000000	0.001112	0.000894	0.000894	0.001787	0.000000	0.000000
2	0.339383	0.005488	0.000000	0.005495	0.000000	0.003630	0.001815	0.000000	0.002195	0.002715	0.000905	0.000000	0.000000	0.000000
3	0.316434	0.006711	0.001837	0.003673	0.000000	0.000000	0.000000	0.000000	0.000000	0.001812	0.003623	0.000000	0.000000	0.000000
4	0.240838	0.004566	0.000000	0.003724	0.002793	0.000000	0.000000	0.000000	0.000000	0.000880	0.002641	0.000000	0.000000	0.000000
5	0.185420	0.002389	0.000936	0.009363	0.000000	0.000000	0.000000	0.002389	0.000000	0.000000	0.006233	0.000890	0.000000	0.000000
6	0.149406	0.002395	0.001800	0.008101	0.000000	0.001698	0.000000	0.000000	0.000000	0.000890	0.003559	0.000000	0.000000	0.000000
7	0.135135	0.004785	0.000000	0.000938	0.000938	0.003378	0.000000	0.001196	0.000000	0.000000	0.002575	0.000000	0.000000	0.000000
8	0.122699	0.007186	0.000000	0.004888	0.000000	0.000000	0.000000	0.001198	0.000000	0.000000	0.006963	0.000000	0.000000	0.000000
9	0.101329	0.009368	0.000891	0.004456	0.000000	0.000000	0.000000	0.000000	0.000000	0.000000	0.000925	0.000000	0.000000	0.000000
10	0.091627	0.003497	0.001905	0.005714	0.001905	0.000000	0.001580	0.000000	0.000000	0.000894	0.003578	0.000000	0.000000	0.000000
11	0.103555	0.007067	0.000000	0.002857	0.000000	0.000000	0.003091	0.000000	0.001178	0.001797	0.002695	0.000898	0.000000	0.000000
12	0.067588	0.003341	0.000945	0.003781	0.000000	0.001536	0.000000	0.001114	0.000000	0.001901	0.005703	0.000000	0.000000	0.000000
13	0.081845	0.004640	0.000000	0.004888	0.000978	0.000000	0.000000	0.000000	0.000000	0.000000	0.006352	0.000000	0.000000	0.000000
14	0.066566	0.005734	0.000000	0.007913	0.000000	0.000000	0.000000	0.001147	0.001147	0.000897	0.003587	0.000000	0.000000	0.000000
15	0.056061	0.005807	0.000000	0.005854	0.000000	0.001515	0.000000	0.000000	0.000000	0.001797	0.002695	0.001797	0.000000	0.000000
16	0.065934	0.009423	0.001959	0.001959	0.001959	0.000000	0.000000	0.000000	0.000000	0.000000	0.003472	0.000000	0.000000	0.000000
17	0.071318	0.005754	0.000981	0.005888	0.000981	0.000000	0.000000	0.000000	0.001151	0.000888	0.003552	0.000000	0.000000	0.000000
18	0.056489	0.004561	0.000979	0.007835	0.001959	0.000000	0.001527	0.000000	0.000000	0.003617	0.004521	0.000904	0.000000	0.000000
19	0.049689	0.002356	0.000000	0.001986	0.000000	0.000000	0.001553	0.000000	0.001178	0.000000	0.003451	0.000000	0.000000	0.000000
20	0.057692	0.005734	0.000000	0.003976	0.000000	0.000000	0.000000	0.001147	0.001147	0.000000	0.004525	0.000000	0.000000	0.000000
21	0.069322	0.002488	0.000000	0.009416	0.000000	0.000000	0.001475	0.000000	0.000000	0.000897	0.005381	0.000897	0.000000	0.000000
22	0.066561	0.009445	0.000000	0.002882	0.000000	0.001585	0.003170	0.000000	0.000000	0.000000	0.005263	0.000000	0.000000	0.000000
23	0.063988	0.009091	0.000000	0.003929	0.000000	0.000000	0.001488	0.000000	0.000000	0.000000	0.001837	0.000918	0.000000	0.000000
24	0.111280	0.008255	0.000000	0.002921	0.001947	0.001524	0.000000	0.001179	0.000000	0.003546	0.006206	0.000887	0.000000	0.000000
