End	Std	Pos	A	C	G	T	Total
3p	+	1	359	160	162	636	1317
3p	+	2	381	193	186	557	1317
3p	+	3	533	193	195	396	1317
3p	+	4	471	231	206	409	1317
3p	+	5	426	287	210	394	1317
3p	+	6	421	290	208	398	1317
3p	+	7	438	312	194	373	1317
3p	+	8	402	316	220	379	1317
3p	+	9	490	307	190	330	1317
3p	+	10	421	340	205	351	1317
3p	+	11	424	339	184	370	1317
3p	+	12	449	294	199	375	1317
3p	+	13	450	346	178	343	1317
3p	+	14	437	335	168	377	1317
3p	+	15	443	336	196	342	1317
3p	+	16	452	321	177	367	1317
3p	+	17	412	359	208	338	1317
3p	+	18	438	353	203	323	1317
3p	+	19	406	325	199	387	1317
3p	+	20	445	330	192	350	1317
3p	+	21	432	321	175	389	1317
3p	+	22	450	347	175	345	1317
3p	+	23	448	322	205	342	1317
3p	+	24	450	330	189	348	1317
3p	+	25	427	333	187	370	1317
3p	+	26	410	319	199	389	1317
3p	+	27	443	285	195	394	1317
3p	+	28	455	269	171	422	1317
3p	+	29	479	234	213	391	1317
3p	+	30	473	190	199	455	1317
3p	+	31	374	161	156	371	1062
3p	+	32	292	114	127	324	857
3p	+	33	235	96	107	240	678
3p	+	34	210	71	88	173	542
3p	+	35	158	67	62	127	414
3p	+	36	122	44	52	106	324
3p	+	37	87	39	40	92	258
3p	+	38	74	32	27	70	203
3p	+	39	58	23	29	53	163
3p	+	40	38	27	18	55	138
3p	+	41	48	19	21	30	118
3p	+	42	32	17	12	41	102
3p	+	43	25	9	13	26	73
3p	+	44	27	7	6	16	56
3p	+	45	11	4	6	16	37
3p	+	46	5	3	7	8	23
3p	+	47	9	0	2	4	15
3p	+	48	2	1	2	3	8
3p	+	49	0	0	0	3	3
3p	+	50	0	0	0	0	0
3p	+	51	0	0	0	0	0
3p	+	52	0	0	0	0	0
3p	+	53	0	0	0	0	0
3p	+	54	0	0	0	0	0
3p	+	55	0	0	0	0	0
3p	+	56	0	0	0	0	0
3p	+	57	0	0	0	0	0
3p	+	58	0	0	0	0	0
3p	+	59	0	0	0	0	0
3p	+	60	0	0	0	0	0
3p	+	61	0	0	0	0	0
3p	+	62	0	0	0	0	0
3p	+	63	0	0	0	0	0
3p	+	64	0	0	0	0	0
3p	+	65	0	0	0	0	0
3p	+	66	0	0	0	0	0
3p	+	67	0	0	0	0	0
3p	+	68	0	0	0	0	0
3p	+	69	0	0	0	0	0
3p	+	70	0	0	0	0	0
3p	+	71	0	0	0	0	0
3p	+	72	0	0	0	0	0
3p	+	73	0	0	0	0	0
3p	+	74	0	0	0	0	0
3p	+	75	0	0	0	0	0
3p	+	76	0	0	0	0	0
3p	+	77	0	0	0	0	0
3p	+	78	0	0	0	0	0
3p	+	79	0	0	0	0	0
3p	+	80	0	0	0	0	0
3p	+	81	0	0	0	0	0
3p	+	82	0	0	0	0	0
3p	+	83	0	0	0	0	0
3p	+	84	0	0	0	0	0
3p	+	85	0	0	0	0	0
3p	+	86	0	0	0	0	0
3p	+	87	0	0	0	0	0
3p	+	88	0	0	0	0	0
3p	+	89	0	0	0	0	0
3p	+	90	0	0	0	0	0
3p	+	91	0	0	0	0	0
3p	+	92	0	0	0	0	0
3p	+	93	0	0	0	0	0
3p	+	94	0	0	0	0	0
3p	+	95	0	0	0	0	0
3p	+	96	0	0	0	0	0
3p	+	97	0	0	0	0	0
3p	+	98	0	0	0	0	0
3p	+	99	0	0	0	0	0
3p	+	100	0	0	0	0	0
3p	-	1	466	127	603	1146	2342
3p	-	2	445	127	773	997	2342
3p	-	3	668	135	712	827	2342
3p	-	4	640	178	714	810	2342
3p	-	5	609	216	706	811	2342
3p	-	6	613	218	669	842	2342
3p	-	7	628	218	655	841	2342
3p	-	8	564	256	665	857	2342
3p	-	9	638	271	637	796	2342
3p	-	10	630	267	636	809	2342
3p	-	11	600	281	656	805	2342
3p	-	12	629	252	646	815	2342
3p	-	13	574	293	677	798	2342
3p	-	14	582	252	730	778	2342
3p	-	15	595	274	642	831	2342
3p	-	16	601	270	675	796	2342
3p	-	17	545	279	707	811	2342
3p	-	18	583	285	719	755	2342
3p	-	19	616	289	645	792	2342
3p	-	20	572	294	683	793	2342
3p	-	21	615	272	654	801	2342
3p	-	22	615	247	668	812	2342
3p	-	23	603	286	633	820	2342
3p	-	24	624	292	651	775	2342
3p	-	25	621	250	652	819	2342
3p	-	26	606	249	647	840	2342
3p	-	27	653	243	623	823	2342
3p	-	28	593	214	696	839	2342
3p	-	29	598	218	657	869	2342
3p	-	30	643	170	690	839	2342
3p	-	31	558	135	564	750	2007
3p	-	32	478	108	510	607	1703
3p	-	33	384	77	418	540	1419
3p	-	34	314	77	350	451	1192
3p	-	35	254	63	297	355	969
3p	-	36	207	40	236	320	803
3p	-	37	176	27	200	246	649
3p	-	38	140	33	163	192	528
3p	-	39	124	17	136	156	433
3p	-	40	81	21	104	135	341
3p	-	41	84	14	80	107	285
3p	-	42	65	14	62	94	235
3p	-	43	58	6	49	75	188
3p	-	44	47	10	40	60	157
3p	-	45	27	7	32	46	112
3p	-	46	26	3	23	27	79
3p	-	47	13	1	13	15	42
3p	-	48	8	3	6	10	27
3p	-	49	2	0	3	4	9
3p	-	50	0	0	0	0	0
3p	-	51	0	0	0	0	0
3p	-	52	0	0	0	0	0
3p	-	53	0	0	0	0	0
3p	-	54	0	0	0	0	0
3p	-	55	0	0	0	0	0
3p	-	56	0	0	0	0	0
3p	-	57	0	0	0	0	0
3p	-	58	0	0	0	0	0
3p	-	59	0	0	0	0	0
3p	-	60	0	0	0	0	0
3p	-	61	0	0	0	0	0
3p	-	62	0	0	0	0	0
3p	-	63	0	0	0	0	0
3p	-	64	0	0	0	0	0
3p	-	65	0	0	0	0	0
3p	-	66	0	0	0	0	0
3p	-	67	0	0	0	0	0
3p	-	68	0	0	0	0	0
3p	-	69	0	0	0	0	0
3p	-	70	0	0	0	0	0
3p	-	71	0	0	0	0	0
3p	-	72	0	0	0	0	0
3p	-	73	0	0	0	0	0
3p	-	74	0	0	0	0	0
3p	-	75	0	0	0	0	0
3p	-	76	0	0	0	0	0
3p	-	77	0	0	0	0	0
3p	-	78	0	0	0	0	0
3p	-	79	0	0	0	0	0
3p	-	80	0	0	0	0	0
3p	-	81	0	0	0	0	0
3p	-	82	0	0	0	0	0
3p	-	83	0	0	0	0	0
3p	-	84	0	0	0	0	0
3p	-	85	0	0	0	0	0
3p	-	86	0	0	0	0	0
3p	-	87	0	0	0	0	0
3p	-	88	0	0	0	0	0
3p	-	89	0	0	0	0	0
3p	-	90	0	0	0	0	0
3p	-	91	0	0	0	0	0
3p	-	92	0	0	0	0	0
3p	-	93	0	0	0	0	0
3p	-	94	0	0	0	0	0
3p	-	95	0	0	0	0	0
3p	-	96	0	0	0	0	0
3p	-	97	0	0	0	0	0
3p	-	98	0	0	0	0	0
3p	-	99	0	0	0	0	0
3p	-	100	0	0	0	0	0
5p	+	1	467	115	203	532	1317
5p	+	2	516	143	187	471	1317
5p	+	3	452	213	216	436	1317
5p	+	4	457	212	221	427	1317
5p	+	5	455	249	212	401	1317
5p	+	6	437	295	177	408	1317
5p	+	7	451	302	180	384	1317
5p	+	8	433	298	194	392	1317
5p	+	9	432	334	178	373	1317
5p	+	10	473	288	196	360	1317
5p	+	11	441	319	205	352	1317
5p	+	12	430	323	186	378	1317
5p	+	13	433	346	200	338	1317
5p	+	14	407	330	188	392	1317
5p	+	15	439	327	182	369	1317
5p	+	16	442	334	208	333	1317
5p	+	17	422	338	181	376	1317
5p	+	18	454	323	173	367	1317
5p	+	19	424	351	195	347	1317
5p	+	20	436	332	193	356	1317
5p	+	21	443	353	193	328	1317
5p	+	22	451	354	174	338	1317
5p	+	23	434	323	193	367	1317
5p	+	24	425	344	194	354	1317
5p	+	25	421	317	197	382	1317
5p	+	26	474	297	212	334	1317
5p	+	27	437	301	211	368	1317
5p	+	28	460	299	216	342	1317
5p	+	29	442	257	199	419	1317
5p	+	30	441	215	178	483	1317
5p	+	31	331	180	140	411	1062
5p	+	32	300	131	118	308	857
5p	+	33	213	109	102	254	678
5p	+	34	166	89	79	208	542
5p	+	35	130	71	59	154	414
5p	+	36	108	57	41	118	324
5p	+	37	94	37	40	87	258
5p	+	38	62	35	32	74	203
5p	+	39	54	37	24	48	163
5p	+	40	49	20	15	54	138
5p	+	41	36	17	17	48	118
5p	+	42	30	15	19	38	102
5p	+	43	25	5	20	23	73
5p	+	44	18	7	6	25	56
5p	+	45	11	2	4	20	37
5p	+	46	7	1	4	11	23
5p	+	47	7	2	1	5	15
5p	+	48	1	4	0	3	8
5p	+	49	1	0	0	2	3
5p	+	50	0	0	0	0	0
5p	+	51	0	0	0	0	0
5p	+	52	0	0	0	0	0
5p	+	53	0	0	0	0	0
5p	+	54	0	0	0	0	0
5p	+	55	0	0	0	0	0
5p	+	56	0	0	0	0	0
5p	+	57	0	0	0	0	0
5p	+	58	0	0	0	0	0
5p	+	59	0	0	0	0	0
5p	+	60	0	0	0	0	0
5p	+	61	0	0	0	0	0
5p	+	62	0	0	0	0	0
5p	+	63	0	0	0	0	0
5p	+	64	0	0	0	0	0
5p	+	65	0	0	0	0	0
5p	+	66	0	0	0	0	0
5p	+	67	0	0	0	0	0
5p	+	68	0	0	0	0	0
5p	+	69	0	0	0	0	0
5p	+	70	0	0	0	0	0
5p	+	71	0	0	0	0	0
5p	+	72	0	0	0	0	0
5p	+	73	0	0	0	0	0
5p	+	74	0	0	0	0	0
5p	+	75	0	0	0	0	0
5p	+	76	0	0	0	0	0
5p	+	77	0	0	0	0	0
5p	+	78	0	0	0	0	0
5p	+	79	0	0	0	0	0
5p	+	80	0	0	0	0	0
5p	+	81	0	0	0	0	0
5p	+	82	0	0	0	0	0
5p	+	83	0	0	0	0	0
5p	+	84	0	0	0	0	0
5p	+	85	0	0	0	0	0
5p	+	86	0	0	0	0	0
5p	+	87	0	0	0	0	0
5p	+	88	0	0	0	0	0
5p	+	89	0	0	0	0	0
5p	+	90	0	0	0	0	0
5p	+	91	0	0	0	0	0
5p	+	92	0	0	0	0	0
5p	+	93	0	0	0	0	0
5p	+	94	0	0	0	0	0
5p	+	95	0	0	0	0	0
5p	+	96	0	0	0	0	0
5p	+	97	0	0	0	0	0
5p	+	98	0	0	0	0	0
5p	+	99	0	0	0	0	0
5p	+	100	0	0	0	0	0
5p	-	1	638	89	677	938	2342
5p	-	2	629	104	712	897	2342
5p	-	3	644	149	695	854	2342
5p	-	4	634	185	671	852	2342
5p	-	5	617	189	664	872	2342
5p	-	6	622	229	667	824	2342
5p	-	7	653	204	662	823	2342
5p	-	8	637	216	638	851	2342
5p	-	9	592	247	655	848	2342
5p	-	10	651	255	655	781	2342
5p	-	11	603	261	657	821	2342
5p	-	12	625	258	662	797	2342
5p	-	13	626	268	698	750	2342
5p	-	14	614	294	675	759	2342
5p	-	15	570	295	691	786	2342
5p	-	16	585	291	656	810	2342
5p	-	17	601	263	662	816	2342
5p	-	18	563	281	696	802	2342
5p	-	19	594	272	688	788	2342
5p	-	20	571	283	656	832	2342
5p	-	21	564	290	676	812	2342
5p	-	22	604	282	640	816	2342
5p	-	23	613	269	651	809	2342
5p	-	24	597	286	684	775	2342
5p	-	25	613	273	647	809	2342
5p	-	26	598	267	686	791	2342
5p	-	27	601	258	670	813	2342
5p	-	28	634	225	663	820	2342
5p	-	29	609	205	677	851	2342
5p	-	30	535	165	688	954	2342
5p	-	31	543	143	551	770	2007
5p	-	32	428	108	514	653	1703
5p	-	33	331	92	437	559	1419
5p	-	34	285	79	373	455	1192
5p	-	35	259	70	266	374	969
5p	-	36	196	49	229	329	803
5p	-	37	147	44	196	262	649
5p	-	38	135	32	144	217	528
5p	-	39	116	27	129	161	433
5p	-	40	96	20	87	138	341
5p	-	41	66	18	85	116	285
5p	-	42	54	16	81	84	235
5p	-	43	34	6	61	87	188
5p	-	44	23	11	52	71	157
5p	-	45	29	6	33	44	112
5p	-	46	16	1	24	38	79
5p	-	47	12	1	16	13	42
5p	-	48	7	3	8	9	27
5p	-	49	1	0	2	6	9
5p	-	50	0	0	0	0	0
5p	-	51	0	0	0	0	0
5p	-	52	0	0	0	0	0
5p	-	53	0	0	0	0	0
5p	-	54	0	0	0	0	0
5p	-	55	0	0	0	0	0
5p	-	56	0	0	0	0	0
5p	-	57	0	0	0	0	0
5p	-	58	0	0	0	0	0
5p	-	59	0	0	0	0	0
5p	-	60	0	0	0	0	0
5p	-	61	0	0	0	0	0
5p	-	62	0	0	0	0	0
5p	-	63	0	0	0	0	0
5p	-	64	0	0	0	0	0
5p	-	65	0	0	0	0	0
5p	-	66	0	0	0	0	0
5p	-	67	0	0	0	0	0
5p	-	68	0	0	0	0	0
5p	-	69	0	0	0	0	0
5p	-	70	0	0	0	0	0
5p	-	71	0	0	0	0	0
5p	-	72	0	0	0	0	0
5p	-	73	0	0	0	0	0
5p	-	74	0	0	0	0	0
5p	-	75	0	0	0	0	0
5p	-	76	0	0	0	0	0
5p	-	77	0	0	0	0	0
5p	-	78	0	0	0	0	0
5p	-	79	0	0	0	0	0
5p	-	80	0	0	0	0	0
5p	-	81	0	0	0	0	0
5p	-	82	0	0	0	0	0
5p	-	83	0	0	0	0	0
5p	-	84	0	0	0	0	0
5p	-	85	0	0	0	0	0
5p	-	86	0	0	0	0	0
5p	-	87	0	0	0	0	0
5p	-	88	0	0	0	0	0
5p	-	89	0	0	0	0	0
5p	-	90	0	0	0	0	0
5p	-	91	0	0	0	0	0
5p	-	92	0	0	0	0	0
5p	-	93	0	0	0	0	0
5p	-	94	0	0	0	0	0
5p	-	95	0	0	0	0	0
5p	-	96	0	0	0	0	0
5p	-	97	0	0	0	0	0
5p	-	98	0	0	0	0	0
5p	-	99	0	0	0	0	0
5p	-	100	0	0	0	0	0
