Pos	C>T	G>A	A>C	A>G	A>T	C>A	C>G	G>C	G>T	T>A	T>C	T>G	->ACGT	ACGT>-
24	0.086348	0.011775	0.001472	0.006623	0.000736	0.001167	0.000000	0.000841	0.000000	0.000000	0.002776	0.000000	0.000000	0.000000
23	0.083799	0.006410	0.001401	0.006303	0.001401	0.003352	0.001117	0.000000	0.001832	0.000699	0.002797	0.000699	0.000206	0.000000
22	0.073341	0.004359	0.000702	0.007725	0.000702	0.000000	0.000000	0.000000	0.000000	0.000000	0.004237	0.000000	0.000000	0.000000
21	0.063953	0.004566	0.000000	0.005822	0.000728	0.002326	0.000000	0.000000	0.000000	0.001978	0.001318	0.000659	0.000000	0.000000
20	0.058480	0.003643	0.001440	0.007919	0.000000	0.001170	0.000000	0.000911	0.000911	0.001332	0.002663	0.000000	0.000413	0.000000
19	0.053571	0.006723	0.000763	0.006102	0.000763	0.001116	0.000000	0.000840	0.000000	0.001380	0.003451	0.000000	0.000000	0.000000
18	0.052375	0.008368	0.000000	0.003046	0.001523	0.001218	0.000000	0.000837	0.000000	0.000659	0.005274	0.000000	0.000000	0.000000
17	0.061224	0.005333	0.000000	0.006139	0.000682	0.000000	0.000000	0.000000	0.000889	0.000728	0.002185	0.000000	0.000000	0.000000
16	0.060571	0.004425	0.000000	0.004274	0.000712	0.001143	0.000000	0.000885	0.000000	0.000000	0.002784	0.000696	0.000000	0.000000
15	0.056462	0.006071	0.000717	0.007174	0.000000	0.000000	0.000000	0.000000	0.000000	0.000666	0.006658	0.000000	0.000000	0.000000
14	0.056948	0.006318	0.000000	0.005662	0.001415	0.003417	0.001139	0.000000	0.000903	0.000000	0.001383	0.001383	0.000206	0.000000
13	0.069189	0.005484	0.000000	0.004525	0.002262	0.001081	0.001081	0.000000	0.000000	0.001332	0.003331	0.000666	0.000000	0.000000
12	0.088652	0.005324	0.000745	0.005212	0.001489	0.000000	0.002364	0.000000	0.000000	0.000000	0.004575	0.000654	0.000000	0.000000
11	0.091981	0.005405	0.001408	0.004225	0.000000	0.000000	0.001179	0.000000	0.000000	0.002044	0.004768	0.000681	0.000000	0.000000
10	0.072941	0.009778	0.000000	0.003647	0.002918	0.000000	0.000000	0.000000	0.000000	0.001334	0.003336	0.000000	0.000000	0.000000
9	0.092417	0.006222	0.000000	0.007321	0.000732	0.001185	0.000000	0.000000	0.000889	0.001324	0.005295	0.000000	0.000000	0.000000
8	0.102273	0.005410	0.000000	0.003501	0.002101	0.000000	0.000000	0.000902	0.000902	0.000000	0.003499	0.000000	0.000000	0.000000
7	0.133017	0.006745	0.000000	0.004566	0.003044	0.001188	0.001188	0.000000	0.000843	0.000665	0.001995	0.001995	0.000000	0.000000
6	0.138462	0.005272	0.000721	0.010815	0.000000	0.001282	0.000000	0.000000	0.000879	0.001299	0.003247	0.000000	0.000206	0.000000
5	0.161172	0.003594	0.000720	0.007199	0.001440	0.000000	0.000000	0.000000	0.002695	0.001311	0.003934	0.001311	0.000000	0.000000
4	0.200241	0.001807	0.000000	0.004277	0.002138	0.000000	0.000000	0.000000	0.000000	0.000664	0.002656	0.000664	0.000206	0.000000
3	0.244652	0.005780	0.002876	0.007908	0.002157	0.000000	0.001337	0.000000	0.001652	0.000668	0.002674	0.000000	0.000000	0.000000
2	0.378082	0.005213	0.000000	0.005682	0.000000	0.000000	0.000000	0.000869	0.000000	0.002172	0.002172	0.000000	0.000000	0.000000
1	0.471322	0.003132	0.000000	0.007373	0.001843	0.001247	0.000000	0.000000	0.000000	0.000000	0.002378	0.000000	0.000000	0.000000
0	0.557920	0.007890	0.001802	0.006306	0.001802	0.001182	0.000000	0.000000	0.000000	0.001066	0.000533	0.001599	0.000000	0.000000
