Pos	C>T	G>A	A>C	A>G	A>T	C>A	C>G	G>C	G>T	T>A	T>C	T>G	->ACGT	ACGT>-
0	0.652757	0.009174	0.001377	0.006198	0.002066	0.000000	0.002981	0.000000	0.000000	0.001969	0.001969	0.000000	0.000000	0.000000
1	0.479433	0.004284	0.000682	0.003411	0.000682	0.002837	0.001418	0.000000	0.000857	0.001989	0.001989	0.000663	0.000000	0.000000
2	0.363508	0.004827	0.001434	0.005735	0.002151	0.002829	0.000000	0.000000	0.000000	0.001999	0.005330	0.002665	0.000000	0.000000
3	0.324468	0.008354	0.000000	0.004082	0.001361	0.000000	0.000000	0.000000	0.000000	0.002102	0.004205	0.000701	0.000000	0.000000
4	0.213820	0.002571	0.002123	0.003539	0.001415	0.001304	0.001304	0.000000	0.000857	0.001335	0.004005	0.002003	0.000000	0.000000
5	0.164122	0.010283	0.000714	0.005714	0.000000	0.002545	0.000000	0.000000	0.000000	0.000000	0.002009	0.000000	0.000000	0.000000
6	0.151869	0.009813	0.002105	0.012632	0.000000	0.001168	0.000000	0.000000	0.000000	0.000693	0.002770	0.000693	0.000000	0.000000
7	0.139723	0.005310	0.000701	0.004205	0.001402	0.002309	0.000000	0.000885	0.000885	0.001406	0.004923	0.000000	0.000000	0.000000
8	0.124694	0.005993	0.002209	0.003682	0.002209	0.001222	0.000000	0.000000	0.000856	0.001332	0.003329	0.000666	0.000000	0.000000
9	0.091981	0.005268	0.000711	0.005690	0.000711	0.002358	0.000000	0.000000	0.001756	0.001376	0.002065	0.000688	0.000000	0.000000
10	0.075000	0.000903	0.000000	0.007215	0.000000	0.001136	0.000000	0.000903	0.000000	0.000679	0.002716	0.000000	0.000000	0.000000
11	0.093560	0.006809	0.001453	0.010901	0.001453	0.001215	0.000000	0.000000	0.000851	0.001360	0.002039	0.000000	0.000206	0.000000
12	0.087156	0.001799	0.000000	0.005590	0.001398	0.000000	0.000000	0.000000	0.000000	0.000699	0.002797	0.000000	0.000206	0.000000
13	0.077907	0.006124	0.000000	0.002122	0.001414	0.000000	0.000000	0.001750	0.000875	0.000000	0.004199	0.000000	0.000000	0.000000
14	0.058965	0.010619	0.000000	0.005610	0.000701	0.003610	0.000000	0.000885	0.000000	0.000686	0.003429	0.000000	0.000000	0.000000
15	0.053899	0.005085	0.000000	0.009266	0.002138	0.000000	0.001147	0.000000	0.000000	0.000000	0.004313	0.001438	0.000000	0.000000
16	0.057851	0.005566	0.000000	0.003470	0.000694	0.000000	0.000000	0.000000	0.000000	0.000676	0.002027	0.002027	0.000000	0.000000
17	0.059107	0.003581	0.000000	0.003582	0.000716	0.002413	0.001206	0.000000	0.000895	0.000665	0.003327	0.000000	0.000206	0.000000
18	0.064000	0.005133	0.000000	0.005797	0.000725	0.001143	0.001143	0.000000	0.000000	0.001406	0.002813	0.000000	0.000000	0.000000
19	0.077951	0.007181	0.000000	0.005895	0.002211	0.000000	0.000000	0.000000	0.000000	0.000000	0.002708	0.000677	0.000000	0.000000
20	0.066587	0.004437	0.000728	0.005827	0.002913	0.001189	0.000000	0.000000	0.000887	0.000665	0.003989	0.000000	0.000000	0.000000
21	0.057670	0.006061	0.000000	0.002222	0.000741	0.001153	0.000000	0.000000	0.000866	0.000000	0.004749	0.000000	0.000000	0.000000
22	0.072480	0.004492	0.000000	0.006706	0.000000	0.000000	0.000000	0.000000	0.000000	0.000663	0.003979	0.000000	0.000000	0.000000
23	0.059633	0.006335	0.001453	0.007994	0.000727	0.001147	0.000000	0.000000	0.000905	0.002679	0.007368	0.000000	0.000000	0.000000
24	0.087760	0.005597	0.000000	0.002892	0.003615	0.000000	0.001155	0.000000	0.000933	0.001969	0.003937	0.000656	0.000206	0.000000
