End	Std	Pos	A	C	G	T	Total
3p	+	1	456	221	217	867	1761
3p	+	2	497	239	294	731	1761
3p	+	3	708	241	241	571	1761
3p	+	4	579	337	267	578	1761
3p	+	5	592	382	269	518	1761
3p	+	6	604	386	250	521	1761
3p	+	7	573	376	263	549	1761
3p	+	8	545	421	286	509	1761
3p	+	9	570	456	240	495	1761
3p	+	10	570	444	251	496	1761
3p	+	11	550	448	288	475	1761
3p	+	12	598	424	232	507	1761
3p	+	13	592	418	223	528	1761
3p	+	14	525	483	273	480	1761
3p	+	15	623	458	226	454	1761
3p	+	16	604	428	256	473	1761
3p	+	17	596	436	276	453	1761
3p	+	18	649	445	251	416	1761
3p	+	19	573	448	237	503	1761
3p	+	20	562	459	272	468	1761
3p	+	21	578	456	238	489	1761
3p	+	22	565	422	242	532	1761
3p	+	23	629	437	271	424	1761
3p	+	24	584	454	236	487	1761
3p	+	25	584	437	268	472	1761
3p	+	26	555	381	285	540	1761
3p	+	27	628	405	257	471	1761
3p	+	28	593	343	279	546	1761
3p	+	29	545	340	296	580	1761
3p	+	30	619	271	270	601	1761
3p	+	31	500	189	221	528	1438
3p	+	32	415	160	182	419	1176
3p	+	33	319	157	127	313	916
3p	+	34	231	86	113	269	699
3p	+	35	198	70	95	183	546
3p	+	36	140	63	74	149	426
3p	+	37	108	46	51	127	332
3p	+	38	103	33	38	91	265
3p	+	39	71	31	26	74	202
3p	+	40	70	23	20	52	165
3p	+	41	48	22	23	44	137
3p	+	42	41	11	20	48	120
3p	+	43	30	10	18	27	85
3p	+	44	21	5	19	20	65
3p	+	45	19	2	5	18	44
3p	+	46	10	3	4	9	26
3p	+	47	4	1	5	8	18
3p	+	48	3	0	2	5	10
3p	+	49	4	0	0	2	6
3p	+	50	0	0	0	0	0
3p	+	51	0	0	0	0	0
3p	+	52	0	0	0	0	0
3p	+	53	0	0	0	0	0
3p	+	54	0	0	0	0	0
3p	+	55	0	0	0	0	0
3p	+	56	0	0	0	0	0
3p	+	57	0	0	0	0	0
3p	+	58	0	0	0	0	0
3p	+	59	0	0	0	0	0
3p	+	60	0	0	0	0	0
3p	+	61	0	0	0	0	0
3p	+	62	0	0	0	0	0
3p	+	63	0	0	0	0	0
3p	+	64	0	0	0	0	0
3p	+	65	0	0	0	0	0
3p	+	66	0	0	0	0	0
3p	+	67	0	0	0	0	0
3p	+	68	0	0	0	0	0
3p	+	69	0	0	0	0	0
3p	+	70	0	0	0	0	0
3p	+	71	0	0	0	0	0
3p	+	72	0	0	0	0	0
3p	+	73	0	0	0	0	0
3p	+	74	0	0	0	0	0
3p	+	75	0	0	0	0	0
3p	+	76	0	0	0	0	0
3p	+	77	0	0	0	0	0
3p	+	78	0	0	0	0	0
3p	+	79	0	0	0	0	0
3p	+	80	0	0	0	0	0
3p	+	81	0	0	0	0	0
3p	+	82	0	0	0	0	0
3p	+	83	0	0	0	0	0
3p	+	84	0	0	0	0	0
3p	+	85	0	0	0	0	0
3p	+	86	0	0	0	0	0
3p	+	87	0	0	0	0	0
3p	+	88	0	0	0	0	0
3p	+	89	0	0	0	0	0
3p	+	90	0	0	0	0	0
3p	+	91	0	0	0	0	0
3p	+	92	0	0	0	0	0
3p	+	93	0	0	0	0	0
3p	+	94	0	0	0	0	0
3p	+	95	0	0	0	0	0
3p	+	96	0	0	0	0	0
3p	+	97	0	0	0	0	0
3p	+	98	0	0	0	0	0
3p	+	99	0	0	0	0	0
3p	+	100	0	0	0	0	0
3p	-	1	654	155	799	1477	3085
3p	-	2	583	188	987	1327	3085
3p	-	3	876	217	912	1080	3085
3p	-	4	802	235	947	1101	3085
3p	-	5	805	286	843	1151	3085
3p	-	6	778	308	868	1131	3085
3p	-	7	807	302	883	1093	3085
3p	-	8	769	310	901	1105	3085
3p	-	9	856	340	866	1023	3085
3p	-	10	795	329	876	1085	3085
3p	-	11	825	345	831	1084	3085
3p	-	12	823	354	880	1028	3085
3p	-	13	747	359	908	1071	3085
3p	-	14	801	381	823	1080	3085
3p	-	15	791	368	885	1041	3085
3p	-	16	787	335	900	1063	3085
3p	-	17	807	390	855	1033	3085
3p	-	18	814	386	876	1009	3085
3p	-	19	746	338	951	1050	3085
3p	-	20	750	395	917	1023	3085
3p	-	21	805	357	865	1058	3085
3p	-	22	810	383	857	1035	3085
3p	-	23	787	366	882	1050	3085
3p	-	24	842	368	859	1016	3085
3p	-	25	778	352	915	1040	3085
3p	-	26	848	335	823	1079	3085
3p	-	27	910	319	869	987	3085
3p	-	28	834	273	929	1049	3085
3p	-	29	792	272	887	1134	3085
3p	-	30	833	224	876	1152	3085
3p	-	31	718	160	757	1001	2636
3p	-	32	592	134	645	840	2211
3p	-	33	517	118	533	677	1845
3p	-	34	412	96	462	578	1548
3p	-	35	322	80	418	440	1260
3p	-	36	287	65	314	365	1031
3p	-	37	227	57	241	319	844
3p	-	38	184	45	221	250	700
3p	-	39	145	41	166	215	567
3p	-	40	115	32	143	182	472
3p	-	41	114	28	93	150	385
3p	-	42	97	19	97	114	327
3p	-	43	64	17	78	95	254
3p	-	44	60	9	54	69	192
3p	-	45	28	6	41	58	133
3p	-	46	19	6	27	47	99
3p	-	47	12	1	22	24	59
3p	-	48	11	0	10	7	28
3p	-	49	3	0	8	4	15
3p	-	50	0	0	0	0	0
3p	-	51	0	0	0	0	0
3p	-	52	0	0	0	0	0
3p	-	53	0	0	0	0	0
3p	-	54	0	0	0	0	0
3p	-	55	0	0	0	0	0
3p	-	56	0	0	0	0	0
3p	-	57	0	0	0	0	0
3p	-	58	0	0	0	0	0
3p	-	59	0	0	0	0	0
3p	-	60	0	0	0	0	0
3p	-	61	0	0	0	0	0
3p	-	62	0	0	0	0	0
3p	-	63	0	0	0	0	0
3p	-	64	0	0	0	0	0
3p	-	65	0	0	0	0	0
3p	-	66	0	0	0	0	0
3p	-	67	0	0	0	0	0
3p	-	68	0	0	0	0	0
3p	-	69	0	0	0	0	0
3p	-	70	0	0	0	0	0
3p	-	71	0	0	0	0	0
3p	-	72	0	0	0	0	0
3p	-	73	0	0	0	0	0
3p	-	74	0	0	0	0	0
3p	-	75	0	0	0	0	0
3p	-	76	0	0	0	0	0
3p	-	77	0	0	0	0	0
3p	-	78	0	0	0	0	0
3p	-	79	0	0	0	0	0
3p	-	80	0	0	0	0	0
3p	-	81	0	0	0	0	0
3p	-	82	0	0	0	0	0
3p	-	83	0	0	0	0	0
3p	-	84	0	0	0	0	0
3p	-	85	0	0	0	0	0
3p	-	86	0	0	0	0	0
3p	-	87	0	0	0	0	0
3p	-	88	0	0	0	0	0
3p	-	89	0	0	0	0	0
3p	-	90	0	0	0	0	0
3p	-	91	0	0	0	0	0
3p	-	92	0	0	0	0	0
3p	-	93	0	0	0	0	0
3p	-	94	0	0	0	0	0
3p	-	95	0	0	0	0	0
3p	-	96	0	0	0	0	0
3p	-	97	0	0	0	0	0
3p	-	98	0	0	0	0	0
3p	-	99	0	0	0	0	0
3p	-	100	0	0	0	0	0
5p	+	1	590	126	287	758	1761
5p	+	2	632	211	275	643	1761
5p	+	3	608	263	286	604	1761
5p	+	4	591	304	296	570	1761
5p	+	5	601	358	264	538	1761
5p	+	6	555	394	278	534	1761
5p	+	7	582	406	253	520	1761
5p	+	8	611	423	224	503	1761
5p	+	9	562	403	284	512	1761
5p	+	10	600	418	266	477	1761
5p	+	11	574	439	278	470	1761
5p	+	12	579	429	250	503	1761
5p	+	13	607	438	242	474	1761
5p	+	14	612	427	254	468	1761
5p	+	15	607	440	248	466	1761
5p	+	16	601	451	266	443	1761
5p	+	17	630	424	251	456	1761
5p	+	18	590	409	249	513	1761
5p	+	19	591	449	284	437	1761
5p	+	20	529	489	253	490	1761
5p	+	21	590	442	245	484	1761
5p	+	22	579	466	259	457	1761
5p	+	23	566	443	233	519	1761
5p	+	24	577	466	249	469	1761
5p	+	25	570	440	237	514	1761
5p	+	26	563	440	260	498	1761
5p	+	27	595	386	275	505	1761
5p	+	28	595	413	262	491	1761
5p	+	29	586	357	226	592	1761
5p	+	30	558	303	270	630	1761
5p	+	31	437	216	214	571	1438
5p	+	32	393	143	179	461	1176
5p	+	33	269	154	140	353	916
5p	+	34	239	103	94	263	699
5p	+	35	191	86	70	199	546
5p	+	36	138	61	65	162	426
5p	+	37	109	46	46	131	332
5p	+	38	79	45	41	100	265
5p	+	39	60	34	34	74	202
5p	+	40	56	16	25	68	165
5p	+	41	50	14	25	48	137
5p	+	42	40	11	18	51	120
5p	+	43	33	4	14	34	85
5p	+	44	20	7	14	24	65
5p	+	45	17	5	8	14	44
5p	+	46	4	3	4	15	26
5p	+	47	7	3	1	7	18
5p	+	48	5	0	1	4	10
5p	+	49	3	0	0	3	6
5p	+	50	0	0	0	0	0
5p	+	51	0	0	0	0	0
5p	+	52	0	0	0	0	0
5p	+	53	0	0	0	0	0
5p	+	54	0	0	0	0	0
5p	+	55	0	0	0	0	0
5p	+	56	0	0	0	0	0
5p	+	57	0	0	0	0	0
5p	+	58	0	0	0	0	0
5p	+	59	0	0	0	0	0
5p	+	60	0	0	0	0	0
5p	+	61	0	0	0	0	0
5p	+	62	0	0	0	0	0
5p	+	63	0	0	0	0	0
5p	+	64	0	0	0	0	0
5p	+	65	0	0	0	0	0
5p	+	66	0	0	0	0	0
5p	+	67	0	0	0	0	0
5p	+	68	0	0	0	0	0
5p	+	69	0	0	0	0	0
5p	+	70	0	0	0	0	0
5p	+	71	0	0	0	0	0
5p	+	72	0	0	0	0	0
5p	+	73	0	0	0	0	0
5p	+	74	0	0	0	0	0
5p	+	75	0	0	0	0	0
5p	+	76	0	0	0	0	0
5p	+	77	0	0	0	0	0
5p	+	78	0	0	0	0	0
5p	+	79	0	0	0	0	0
5p	+	80	0	0	0	0	0
5p	+	81	0	0	0	0	0
5p	+	82	0	0	0	0	0
5p	+	83	0	0	0	0	0
5p	+	84	0	0	0	0	0
5p	+	85	0	0	0	0	0
5p	+	86	0	0	0	0	0
5p	+	87	0	0	0	0	0
5p	+	88	0	0	0	0	0
5p	+	89	0	0	0	0	0
5p	+	90	0	0	0	0	0
5p	+	91	0	0	0	0	0
5p	+	92	0	0	0	0	0
5p	+	93	0	0	0	0	0
5p	+	94	0	0	0	0	0
5p	+	95	0	0	0	0	0
5p	+	96	0	0	0	0	0
5p	+	97	0	0	0	0	0
5p	+	98	0	0	0	0	0
5p	+	99	0	0	0	0	0
5p	+	100	0	0	0	0	0
5p	-	1	862	110	912	1201	3085
5p	-	2	837	157	893	1198	3085
5p	-	3	785	195	963	1142	3085
5p	-	4	884	210	898	1093	3085
5p	-	5	808	252	909	1116	3085
5p	-	6	850	265	885	1085	3085
5p	-	7	835	326	876	1048	3085
5p	-	8	817	329	904	1035	3085
5p	-	9	795	320	882	1088	3085
5p	-	10	806	354	874	1051	3085
5p	-	11	805	379	837	1064	3085
5p	-	12	789	322	931	1043	3085
5p	-	13	817	363	876	1029	3085
5p	-	14	804	374	882	1025	3085
5p	-	15	826	345	878	1036	3085
5p	-	16	792	379	924	990	3085
5p	-	17	812	377	829	1067	3085
5p	-	18	808	373	869	1035	3085
5p	-	19	789	372	888	1036	3085
5p	-	20	825	343	862	1055	3085
5p	-	21	777	349	884	1075	3085
5p	-	22	775	357	891	1062	3085
5p	-	23	773	382	884	1046	3085
5p	-	24	797	366	859	1063	3085
5p	-	25	813	356	834	1082	3085
5p	-	26	783	348	871	1083	3085
5p	-	27	835	320	854	1076	3085
5p	-	28	799	305	902	1079	3085
5p	-	29	767	273	919	1126	3085
5p	-	30	765	249	870	1201	3085
5p	-	31	648	200	766	1022	2636
5p	-	32	553	152	649	857	2211
5p	-	33	426	120	529	770	1845
5p	-	34	381	121	449	597	1548
5p	-	35	306	99	379	476	1260
5p	-	36	262	74	278	417	1031
5p	-	37	196	58	261	329	844
5p	-	38	167	54	209	270	700
5p	-	39	147	45	165	210	567
5p	-	40	102	30	142	198	472
5p	-	41	102	25	93	165	385
5p	-	42	62	16	111	138	327
5p	-	43	64	13	72	105	254
5p	-	44	55	7	59	71	192
5p	-	45	33	7	44	49	133
5p	-	46	26	6	28	39	99
5p	-	47	17	4	9	29	59
5p	-	48	3	2	12	11	28
5p	-	49	2	1	5	7	15
5p	-	50	0	0	0	0	0
5p	-	51	0	0	0	0	0
5p	-	52	0	0	0	0	0
5p	-	53	0	0	0	0	0
5p	-	54	0	0	0	0	0
5p	-	55	0	0	0	0	0
5p	-	56	0	0	0	0	0
5p	-	57	0	0	0	0	0
5p	-	58	0	0	0	0	0
5p	-	59	0	0	0	0	0
5p	-	60	0	0	0	0	0
5p	-	61	0	0	0	0	0
5p	-	62	0	0	0	0	0
5p	-	63	0	0	0	0	0
5p	-	64	0	0	0	0	0
5p	-	65	0	0	0	0	0
5p	-	66	0	0	0	0	0
5p	-	67	0	0	0	0	0
5p	-	68	0	0	0	0	0
5p	-	69	0	0	0	0	0
5p	-	70	0	0	0	0	0
5p	-	71	0	0	0	0	0
5p	-	72	0	0	0	0	0
5p	-	73	0	0	0	0	0
5p	-	74	0	0	0	0	0
5p	-	75	0	0	0	0	0
5p	-	76	0	0	0	0	0
5p	-	77	0	0	0	0	0
5p	-	78	0	0	0	0	0
5p	-	79	0	0	0	0	0
5p	-	80	0	0	0	0	0
5p	-	81	0	0	0	0	0
5p	-	82	0	0	0	0	0
5p	-	83	0	0	0	0	0
5p	-	84	0	0	0	0	0
5p	-	85	0	0	0	0	0
5p	-	86	0	0	0	0	0
5p	-	87	0	0	0	0	0
5p	-	88	0	0	0	0	0
5p	-	89	0	0	0	0	0
5p	-	90	0	0	0	0	0
5p	-	91	0	0	0	0	0
5p	-	92	0	0	0	0	0
5p	-	93	0	0	0	0	0
5p	-	94	0	0	0	0	0
5p	-	95	0	0	0	0	0
5p	-	96	0	0	0	0	0
5p	-	97	0	0	0	0	0
5p	-	98	0	0	0	0	0
5p	-	99	0	0	0	0	0
5p	-	100	0	0	0	0	0
