Pos	C>T	G>A	A>C	A>G	A>T	C>A	C>G	G>C	G>T	T>A	T>C	T>G	->ACGT	ACGT>-
24	0.128550	0.006889	0.002000	0.006000	0.000000	0.000000	0.000000	0.000000	0.001148	0.000881	0.004405	0.000881	0.000000	0.000000
23	0.090190	0.002407	0.000000	0.005671	0.000000	0.000000	0.000000	0.000000	0.001203	0.000000	0.003466	0.000000	0.000000	0.000000
22	0.051482	0.005896	0.000000	0.004878	0.000976	0.001560	0.000000	0.000000	0.000000	0.000861	0.003445	0.000000	0.000000	0.000000
21	0.055644	0.005650	0.000000	0.006737	0.002887	0.001590	0.000000	0.000000	0.001130	0.000000	0.003565	0.000000	0.000000	0.000000
20	0.051969	0.003401	0.000923	0.010157	0.001847	0.000000	0.000000	0.000000	0.001134	0.000000	0.007442	0.000000	0.000000	0.000000
19	0.061224	0.005650	0.000000	0.005952	0.000000	0.000000	0.000000	0.000000	0.001130	0.000000	0.004562	0.000912	0.000000	0.000000
18	0.049774	0.004802	0.000000	0.007992	0.001998	0.000000	0.000000	0.000000	0.000000	0.001698	0.004244	0.000849	0.000000	0.000000
17	0.061012	0.004689	0.000000	0.004608	0.001843	0.001488	0.000000	0.000000	0.000000	0.001878	0.005634	0.001878	0.000000	0.000000
16	0.067610	0.002296	0.000000	0.006790	0.000970	0.000000	0.000000	0.000000	0.000000	0.002639	0.003518	0.000000	0.000000	0.000000
15	0.064063	0.004474	0.000000	0.006869	0.000000	0.000000	0.000000	0.000000	0.000000	0.000892	0.002676	0.001784	0.000272	0.000000
14	0.063253	0.004813	0.000000	0.004583	0.000917	0.000000	0.000000	0.000000	0.001203	0.000000	0.006428	0.000000	0.000000	0.000000
13	0.076336	0.005800	0.000000	0.005758	0.000000	0.000000	0.000000	0.001160	0.001160	0.000000	0.003584	0.002688	0.000000	0.000000
12	0.079812	0.005967	0.000000	0.006750	0.001929	0.000000	0.000000	0.001193	0.000000	0.001723	0.007752	0.000000	0.000000	0.000000
11	0.095164	0.004367	0.000000	0.004630	0.001852	0.000000	0.001560	0.000000	0.001092	0.001929	0.006750	0.000000	0.000272	0.000000
10	0.065728	0.004454	0.000000	0.006718	0.000960	0.000000	0.001565	0.001114	0.000000	0.000912	0.003650	0.000912	0.000000	0.000000
9	0.096923	0.008547	0.000000	0.007299	0.001825	0.000000	0.001538	0.000000	0.000000	0.000000	0.004505	0.000901	0.000000	0.000000
8	0.105705	0.003584	0.000000	0.006352	0.001815	0.000000	0.000000	0.001195	0.000000	0.001754	0.005263	0.000000	0.000000	0.000000
7	0.135433	0.004510	0.002944	0.005888	0.000000	0.000000	0.000000	0.002255	0.000000	0.000882	0.004409	0.000882	0.000000	0.000000
6	0.134281	0.005938	0.000000	0.010185	0.000000	0.000000	0.003160	0.001188	0.002375	0.000000	0.004464	0.000893	0.000000	0.000000
5	0.163043	0.010976	0.000000	0.003735	0.000000	0.000000	0.003106	0.000000	0.001220	0.000877	0.001754	0.000877	0.000000	0.000000
4	0.207373	0.004582	0.000987	0.004936	0.000000	0.000000	0.000000	0.000000	0.001145	0.000879	0.000000	0.000000	0.000000	0.000000
3	0.238501	0.005631	0.000930	0.004651	0.000930	0.003407	0.000000	0.000000	0.000000	0.001778	0.003556	0.000889	0.000000	0.000000
2	0.379962	0.006936	0.000000	0.005093	0.001698	0.003781	0.000000	0.001156	0.000000	0.000907	0.000907	0.000000	0.000000	0.000000
1	0.469622	0.003968	0.000000	0.005938	0.002375	0.000000	0.000000	0.000000	0.000000	0.000000	0.004112	0.000000	0.000000	0.000000
0	0.578241	0.004994	0.001222	0.002445	0.002445	0.000000	0.000000	0.000000	0.000000	0.000000	0.002166	0.001444	0.000000	0.000000
