Pos	C>T	G>A	A>C	A>G	A>T	C>A	C>G	G>C	G>T	T>A	T>C	T>G	->ACGT	ACGT>-
0	0.612450	0.005476	0.001783	0.008913	0.000891	0.000000	0.004016	0.000000	0.000000	0.000876	0.000876	0.000000	0.000000	0.000000
1	0.495274	0.011198	0.000000	0.007266	0.000000	0.000000	0.000000	0.000000	0.001120	0.002604	0.004340	0.000868	0.000000	0.000000
2	0.345455	0.007892	0.001892	0.003784	0.000946	0.000000	0.000000	0.002255	0.000000	0.001693	0.001693	0.000847	0.000000	0.000000
3	0.311388	0.002200	0.000926	0.004630	0.000926	0.001779	0.000000	0.000000	0.000000	0.003559	0.003559	0.001779	0.000000	0.000000
4	0.246732	0.002235	0.000000	0.006500	0.000929	0.000000	0.000000	0.000000	0.000000	0.001833	0.004583	0.001833	0.000000	0.000000
5	0.205527	0.007839	0.000918	0.008264	0.000918	0.000000	0.000000	0.002240	0.000000	0.003591	0.005386	0.000000	0.000000	0.000000
6	0.184385	0.004678	0.000924	0.004621	0.000000	0.000000	0.000000	0.000000	0.000000	0.002641	0.001761	0.000000	0.000000	0.000000
7	0.152979	0.005848	0.000960	0.006718	0.000000	0.000000	0.000000	0.000000	0.000000	0.001729	0.003457	0.000000	0.000000	0.000000
8	0.098726	0.002265	0.000961	0.004803	0.000961	0.000000	0.000000	0.000000	0.000000	0.000890	0.001781	0.000000	0.000000	0.000000
9	0.102073	0.004630	0.000932	0.007456	0.001864	0.000000	0.000000	0.000000	0.000000	0.000000	0.002700	0.000900	0.000000	0.000000
10	0.069805	0.004843	0.000926	0.006481	0.000926	0.000000	0.000000	0.000000	0.001211	0.001735	0.005204	0.000867	0.000000	0.000000
11	0.089645	0.008314	0.000000	0.008555	0.000000	0.001546	0.000000	0.000000	0.001188	0.000000	0.006173	0.000000	0.000000	0.000000
12	0.068217	0.008274	0.000000	0.004831	0.000000	0.001550	0.000000	0.000000	0.002364	0.000000	0.006092	0.000000	0.000000	0.000000
13	0.071875	0.002286	0.000000	0.010753	0.000978	0.000000	0.000000	0.000000	0.000000	0.001759	0.003518	0.000000	0.000000	0.000000
14	0.075823	0.001206	0.000000	0.006737	0.000962	0.000000	0.000000	0.000000	0.000000	0.001805	0.004513	0.000000	0.000000	0.000000
15	0.054773	0.003546	0.000000	0.010046	0.000000	0.000000	0.000000	0.000000	0.000000	0.002740	0.002740	0.001826	0.000000	0.000000
16	0.064263	0.005470	0.000000	0.005831	0.000972	0.000000	0.000000	0.000000	0.000000	0.000914	0.007313	0.000000	0.000000	0.000000
17	0.074419	0.002336	0.000000	0.002786	0.000929	0.000000	0.000000	0.001168	0.000000	0.000912	0.003646	0.002735	0.000000	0.000000
18	0.052553	0.003534	0.000000	0.002876	0.000959	0.001502	0.000000	0.000000	0.001178	0.000000	0.005372	0.000000	0.000000	0.000000
19	0.051051	0.004410	0.000000	0.009980	0.000998	0.000000	0.000000	0.001103	0.000000	0.000910	0.006369	0.002730	0.000000	0.000000
20	0.074367	0.005734	0.000000	0.004708	0.002825	0.000000	0.000000	0.000000	0.002294	0.000000	0.005410	0.000000	0.000000	0.000000
21	0.054264	0.007821	0.000000	0.011707	0.000976	0.000000	0.001550	0.000000	0.000000	0.000000	0.005405	0.000000	0.000000	0.000000
22	0.063863	0.003538	0.000000	0.005613	0.000935	0.000000	0.000000	0.002358	0.000000	0.000000	0.002688	0.000000	0.000000	0.000000
23	0.066770	0.008255	0.000935	0.002806	0.002806	0.000000	0.001553	0.000000	0.000000	0.001795	0.006284	0.000898	0.000000	0.000000
24	0.089394	0.004635	0.000000	0.004721	0.000000	0.000000	0.001515	0.000000	0.001159	0.000915	0.000915	0.000000	0.000000	0.000000
