End	Std	Pos	A	C	G	T	Total
3p	+	1	343	170	173	634	1320
3p	+	2	375	199	230	516	1320
3p	+	3	526	189	173	432	1320
3p	+	4	484	238	180	418	1320
3p	+	5	400	283	192	445	1320
3p	+	6	453	292	173	402	1320
3p	+	7	460	304	169	387	1320
3p	+	8	446	299	193	382	1320
3p	+	9	458	326	166	370	1320
3p	+	10	440	342	164	374	1320
3p	+	11	400	354	203	363	1320
3p	+	12	438	317	204	361	1320
3p	+	13	425	322	184	389	1320
3p	+	14	420	328	208	364	1320
3p	+	15	435	338	207	340	1320
3p	+	16	431	332	180	377	1320
3p	+	17	411	326	210	373	1320
3p	+	18	439	353	180	348	1320
3p	+	19	401	371	179	369	1320
3p	+	20	429	352	186	353	1320
3p	+	21	454	352	181	333	1320
3p	+	22	411	336	174	399	1320
3p	+	23	428	335	190	367	1320
3p	+	24	451	326	167	376	1320
3p	+	25	416	334	166	404	1320
3p	+	26	454	282	194	390	1320
3p	+	27	477	291	193	359	1320
3p	+	28	431	265	195	429	1320
3p	+	29	447	208	216	449	1320
3p	+	30	489	182	186	463	1320
3p	+	31	330	149	150	402	1031
3p	+	32	304	112	125	294	835
3p	+	33	246	92	96	219	653
3p	+	34	194	71	75	177	517
3p	+	35	147	55	55	152	409
3p	+	36	124	55	57	94	330
3p	+	37	77	29	53	92	251
3p	+	38	68	22	50	65	205
3p	+	39	44	29	22	57	152
3p	+	40	34	25	23	48	130
3p	+	41	39	12	19	30	100
3p	+	42	33	6	15	33	87
3p	+	43	26	5	12	23	66
3p	+	44	16	5	10	17	48
3p	+	45	14	3	7	12	36
3p	+	46	10	1	1	10	22
3p	+	47	5	0	3	4	12
3p	+	48	4	0	1	3	8
3p	+	49	2	0	0	0	2
3p	+	50	0	0	0	0	0
3p	+	51	0	0	0	0	0
3p	+	52	0	0	0	0	0
3p	+	53	0	0	0	0	0
3p	+	54	0	0	0	0	0
3p	+	55	0	0	0	0	0
3p	+	56	0	0	0	0	0
3p	+	57	0	0	0	0	0
3p	+	58	0	0	0	0	0
3p	+	59	0	0	0	0	0
3p	+	60	0	0	0	0	0
3p	+	61	0	0	0	0	0
3p	+	62	0	0	0	0	0
3p	+	63	0	0	0	0	0
3p	+	64	0	0	0	0	0
3p	+	65	0	0	0	0	0
3p	+	66	0	0	0	0	0
3p	+	67	0	0	0	0	0
3p	+	68	0	0	0	0	0
3p	+	69	0	0	0	0	0
3p	+	70	0	0	0	0	0
3p	+	71	0	0	0	0	0
3p	+	72	0	0	0	0	0
3p	+	73	0	0	0	0	0
3p	+	74	0	0	0	0	0
3p	+	75	0	0	0	0	0
3p	+	76	0	0	0	0	0
3p	+	77	0	0	0	0	0
3p	+	78	0	0	0	0	0
3p	+	79	0	0	0	0	0
3p	+	80	0	0	0	0	0
3p	+	81	0	0	0	0	0
3p	+	82	0	0	0	0	0
3p	+	83	0	0	0	0	0
3p	+	84	0	0	0	0	0
3p	+	85	0	0	0	0	0
3p	+	86	0	0	0	0	0
3p	+	87	0	0	0	0	0
3p	+	88	0	0	0	0	0
3p	+	89	0	0	0	0	0
3p	+	90	0	0	0	0	0
3p	+	91	0	0	0	0	0
3p	+	92	0	0	0	0	0
3p	+	93	0	0	0	0	0
3p	+	94	0	0	0	0	0
3p	+	95	0	0	0	0	0
3p	+	96	0	0	0	0	0
3p	+	97	0	0	0	0	0
3p	+	98	0	0	0	0	0
3p	+	99	0	0	0	0	0
3p	+	100	0	0	0	0	0
3p	-	1	474	117	628	1136	2355
3p	-	2	464	129	779	983	2355
3p	-	3	653	139	691	872	2355
3p	-	4	593	212	709	841	2355
3p	-	5	612	234	681	828	2355
3p	-	6	624	247	644	840	2355
3p	-	7	614	248	679	814	2355
3p	-	8	569	260	695	831	2355
3p	-	9	640	214	674	827	2355
3p	-	10	653	249	658	795	2355
3p	-	11	639	247	699	770	2355
3p	-	12	641	269	714	731	2355
3p	-	13	610	276	655	814	2355
3p	-	14	621	282	656	796	2355
3p	-	15	654	291	624	786	2355
3p	-	16	586	271	719	779	2355
3p	-	17	617	271	666	801	2355
3p	-	18	646	283	676	750	2355
3p	-	19	596	264	659	836	2355
3p	-	20	578	297	700	780	2355
3p	-	21	618	259	708	770	2355
3p	-	22	624	261	712	758	2355
3p	-	23	598	276	658	823	2355
3p	-	24	603	253	667	832	2355
3p	-	25	583	256	705	811	2355
3p	-	26	566	279	661	849	2355
3p	-	27	606	251	705	793	2355
3p	-	28	638	211	639	867	2355
3p	-	29	604	211	666	874	2355
3p	-	30	682	166	717	790	2355
3p	-	31	531	132	566	761	1990
3p	-	32	442	107	497	627	1673
3p	-	33	389	82	399	497	1367
3p	-	34	293	56	348	432	1129
3p	-	35	246	60	283	350	939
3p	-	36	203	47	228	298	776
3p	-	37	168	34	187	232	621
3p	-	38	133	28	164	188	513
3p	-	39	125	24	133	142	424
3p	-	40	95	21	94	135	345
3p	-	41	75	15	88	114	292
3p	-	42	73	16	60	97	246
3p	-	43	59	18	51	66	194
3p	-	44	49	10	43	44	146
3p	-	45	26	8	24	43	101
3p	-	46	17	5	25	24	71
3p	-	47	11	1	16	20	48
3p	-	48	6	0	10	11	27
3p	-	49	1	2	4	6	13
3p	-	50	0	0	0	0	0
3p	-	51	0	0	0	0	0
3p	-	52	0	0	0	0	0
3p	-	53	0	0	0	0	0
3p	-	54	0	0	0	0	0
3p	-	55	0	0	0	0	0
3p	-	56	0	0	0	0	0
3p	-	57	0	0	0	0	0
3p	-	58	0	0	0	0	0
3p	-	59	0	0	0	0	0
3p	-	60	0	0	0	0	0
3p	-	61	0	0	0	0	0
3p	-	62	0	0	0	0	0
3p	-	63	0	0	0	0	0
3p	-	64	0	0	0	0	0
3p	-	65	0	0	0	0	0
3p	-	66	0	0	0	0	0
3p	-	67	0	0	0	0	0
3p	-	68	0	0	0	0	0
3p	-	69	0	0	0	0	0
3p	-	70	0	0	0	0	0
3p	-	71	0	0	0	0	0
3p	-	72	0	0	0	0	0
3p	-	73	0	0	0	0	0
3p	-	74	0	0	0	0	0
3p	-	75	0	0	0	0	0
3p	-	76	0	0	0	0	0
3p	-	77	0	0	0	0	0
3p	-	78	0	0	0	0	0
3p	-	79	0	0	0	0	0
3p	-	80	0	0	0	0	0
3p	-	81	0	0	0	0	0
3p	-	82	0	0	0	0	0
3p	-	83	0	0	0	0	0
3p	-	84	0	0	0	0	0
3p	-	85	0	0	0	0	0
3p	-	86	0	0	0	0	0
3p	-	87	0	0	0	0	0
3p	-	88	0	0	0	0	0
3p	-	89	0	0	0	0	0
3p	-	90	0	0	0	0	0
3p	-	91	0	0	0	0	0
3p	-	92	0	0	0	0	0
3p	-	93	0	0	0	0	0
3p	-	94	0	0	0	0	0
3p	-	95	0	0	0	0	0
3p	-	96	0	0	0	0	0
3p	-	97	0	0	0	0	0
3p	-	98	0	0	0	0	0
3p	-	99	0	0	0	0	0
3p	-	100	0	0	0	0	0
5p	+	1	480	118	210	512	1320
5p	+	2	467	145	186	522	1320
5p	+	3	435	207	203	475	1320
5p	+	4	460	223	215	422	1320
5p	+	5	467	238	194	421	1320
5p	+	6	470	255	198	397	1320
5p	+	7	476	283	174	387	1320
5p	+	8	435	282	199	404	1320
5p	+	9	420	309	198	393	1320
5p	+	10	448	331	196	345	1320
5p	+	11	455	328	166	371	1320
5p	+	12	458	323	160	379	1320
5p	+	13	414	344	175	387	1320
5p	+	14	429	309	198	384	1320
5p	+	15	418	352	176	374	1320
5p	+	16	440	326	190	364	1320
5p	+	17	429	342	191	358	1320
5p	+	18	432	339	205	344	1320
5p	+	19	426	355	199	340	1320
5p	+	20	383	355	195	387	1320
5p	+	21	430	338	198	354	1320
5p	+	22	397	353	194	376	1320
5p	+	23	433	332	185	370	1320
5p	+	24	436	341	201	342	1320
5p	+	25	439	353	165	363	1320
5p	+	26	426	338	192	364	1320
5p	+	27	435	310	168	407	1320
5p	+	28	489	271	174	386	1320
5p	+	29	440	244	188	448	1320
5p	+	30	425	215	178	502	1320
5p	+	31	339	182	146	364	1031
5p	+	32	247	134	125	329	835
5p	+	33	223	88	97	245	653
5p	+	34	187	80	69	181	517
5p	+	35	124	68	52	165	409
5p	+	36	98	52	53	127	330
5p	+	37	82	29	35	105	251
5p	+	38	73	31	32	69	205
5p	+	39	49	26	27	50	152
5p	+	40	43	21	18	48	130
5p	+	41	31	11	20	38	100
5p	+	42	32	11	9	35	87
5p	+	43	20	7	11	28	66
5p	+	44	18	9	11	10	48
5p	+	45	18	4	6	8	36
5p	+	46	7	5	2	8	22
5p	+	47	5	0	1	6	12
5p	+	48	1	0	4	3	8
5p	+	49	0	0	1	1	2
5p	+	50	0	0	0	0	0
5p	+	51	0	0	0	0	0
5p	+	52	0	0	0	0	0
5p	+	53	0	0	0	0	0
5p	+	54	0	0	0	0	0
5p	+	55	0	0	0	0	0
5p	+	56	0	0	0	0	0
5p	+	57	0	0	0	0	0
5p	+	58	0	0	0	0	0
5p	+	59	0	0	0	0	0
5p	+	60	0	0	0	0	0
5p	+	61	0	0	0	0	0
5p	+	62	0	0	0	0	0
5p	+	63	0	0	0	0	0
5p	+	64	0	0	0	0	0
5p	+	65	0	0	0	0	0
5p	+	66	0	0	0	0	0
5p	+	67	0	0	0	0	0
5p	+	68	0	0	0	0	0
5p	+	69	0	0	0	0	0
5p	+	70	0	0	0	0	0
5p	+	71	0	0	0	0	0
5p	+	72	0	0	0	0	0
5p	+	73	0	0	0	0	0
5p	+	74	0	0	0	0	0
5p	+	75	0	0	0	0	0
5p	+	76	0	0	0	0	0
5p	+	77	0	0	0	0	0
5p	+	78	0	0	0	0	0
5p	+	79	0	0	0	0	0
5p	+	80	0	0	0	0	0
5p	+	81	0	0	0	0	0
5p	+	82	0	0	0	0	0
5p	+	83	0	0	0	0	0
5p	+	84	0	0	0	0	0
5p	+	85	0	0	0	0	0
5p	+	86	0	0	0	0	0
5p	+	87	0	0	0	0	0
5p	+	88	0	0	0	0	0
5p	+	89	0	0	0	0	0
5p	+	90	0	0	0	0	0
5p	+	91	0	0	0	0	0
5p	+	92	0	0	0	0	0
5p	+	93	0	0	0	0	0
5p	+	94	0	0	0	0	0
5p	+	95	0	0	0	0	0
5p	+	96	0	0	0	0	0
5p	+	97	0	0	0	0	0
5p	+	98	0	0	0	0	0
5p	+	99	0	0	0	0	0
5p	+	100	0	0	0	0	0
5p	-	1	635	76	710	934	2355
5p	-	2	639	127	705	884	2355
5p	-	3	624	159	680	892	2355
5p	-	4	620	168	699	868	2355
5p	-	5	606	228	708	813	2355
5p	-	6	619	214	695	827	2355
5p	-	7	607	211	682	855	2355
5p	-	8	606	249	658	842	2355
5p	-	9	617	260	688	790	2355
5p	-	10	618	236	673	828	2355
5p	-	11	622	252	663	818	2355
5p	-	12	593	272	683	807	2355
5p	-	13	624	263	667	801	2355
5p	-	14	586	289	686	794	2355
5p	-	15	616	299	659	781	2355
5p	-	16	650	281	666	758	2355
5p	-	17	599	263	724	769	2355
5p	-	18	644	263	654	794	2355
5p	-	19	617	281	649	808	2355
5p	-	20	613	285	721	736	2355
5p	-	21	629	253	672	801	2355
5p	-	22	622	262	707	764	2355
5p	-	23	632	274	664	785	2355
5p	-	24	635	267	645	808	2355
5p	-	25	620	248	699	788	2355
5p	-	26	620	287	678	770	2355
5p	-	27	622	248	662	823	2355
5p	-	28	621	253	686	795	2355
5p	-	29	594	224	698	839	2355
5p	-	30	565	185	628	977	2355
5p	-	31	466	153	585	786	1990
5p	-	32	394	103	481	695	1673
5p	-	33	344	84	402	537	1367
5p	-	34	259	76	344	450	1129
5p	-	35	233	62	278	366	939
5p	-	36	188	58	223	307	776
5p	-	37	153	28	200	240	621
5p	-	38	127	39	158	189	513
5p	-	39	104	32	128	160	424
5p	-	40	94	19	100	132	345
5p	-	41	71	24	89	108	292
5p	-	42	57	8	73	108	246
5p	-	43	51	10	61	72	194
5p	-	44	36	6	39	65	146
5p	-	45	21	5	35	40	101
5p	-	46	17	1	28	25	71
5p	-	47	10	3	18	17	48
5p	-	48	5	0	10	12	27
5p	-	49	3	1	3	6	13
5p	-	50	0	0	0	0	0
5p	-	51	0	0	0	0	0
5p	-	52	0	0	0	0	0
5p	-	53	0	0	0	0	0
5p	-	54	0	0	0	0	0
5p	-	55	0	0	0	0	0
5p	-	56	0	0	0	0	0
5p	-	57	0	0	0	0	0
5p	-	58	0	0	0	0	0
5p	-	59	0	0	0	0	0
5p	-	60	0	0	0	0	0
5p	-	61	0	0	0	0	0
5p	-	62	0	0	0	0	0
5p	-	63	0	0	0	0	0
5p	-	64	0	0	0	0	0
5p	-	65	0	0	0	0	0
5p	-	66	0	0	0	0	0
5p	-	67	0	0	0	0	0
5p	-	68	0	0	0	0	0
5p	-	69	0	0	0	0	0
5p	-	70	0	0	0	0	0
5p	-	71	0	0	0	0	0
5p	-	72	0	0	0	0	0
5p	-	73	0	0	0	0	0
5p	-	74	0	0	0	0	0
5p	-	75	0	0	0	0	0
5p	-	76	0	0	0	0	0
5p	-	77	0	0	0	0	0
5p	-	78	0	0	0	0	0
5p	-	79	0	0	0	0	0
5p	-	80	0	0	0	0	0
5p	-	81	0	0	0	0	0
5p	-	82	0	0	0	0	0
5p	-	83	0	0	0	0	0
5p	-	84	0	0	0	0	0
5p	-	85	0	0	0	0	0
5p	-	86	0	0	0	0	0
5p	-	87	0	0	0	0	0
5p	-	88	0	0	0	0	0
5p	-	89	0	0	0	0	0
5p	-	90	0	0	0	0	0
5p	-	91	0	0	0	0	0
5p	-	92	0	0	0	0	0
5p	-	93	0	0	0	0	0
5p	-	94	0	0	0	0	0
5p	-	95	0	0	0	0	0
5p	-	96	0	0	0	0	0
5p	-	97	0	0	0	0	0
5p	-	98	0	0	0	0	0
5p	-	99	0	0	0	0	0
5p	-	100	0	0	0	0	0
