Chr	End	Std	Pos	A	C	G	T	Total	G>A	C>T	A>G	T>C	A>C	A>T	C>G	C>A	T>G	T>A	G>C	G>T	A>-	T>-	C>-	G>-	->A	->T	->C	->G	S
NC_001640.1	3p	+	1	344.0	352.0	173.0	451.0	1320.0	1.0	184.0	1.0	2.0	0.0	1.0	0.0	0.0	0.0	0.0	0.0	0.0	0.0	0.0	0.0	0.0	0.0	0.0	0.0	0.0	0.0
NC_001640.1	3p	+	2	374.0	310.0	232.0	404.0	1320.0	2.0	116.0	0.0	5.0	0.0	1.0	0.0	0.0	0.0	0.0	0.0	0.0	0.0	0.0	0.0	0.0	0.0	0.0	0.0	0.0	0.0
NC_001640.1	3p	+	3	523.0	288.0	175.0	334.0	1320.0	2.0	99.0	0.0	1.0	0.0	0.0	0.0	1.0	0.0	0.0	0.0	0.0	0.0	0.0	0.0	0.0	0.0	0.0	0.0	0.0	0.0
NC_001640.1	3p	+	4	483.0	302.0	180.0	355.0	1320.0	0.0	65.0	0.0	2.0	0.0	1.0	0.0	1.0	0.0	1.0	0.0	0.0	0.0	0.0	0.0	0.0	0.0	0.0	0.0	0.0	0.0
NC_001640.1	3p	+	5	400.0	342.0	192.0	386.0	1320.0	1.0	59.0	1.0	0.0	0.0	0.0	0.0	0.0	0.0	0.0	0.0	0.0	0.0	0.0	0.0	0.0	0.0	0.0	0.0	0.0	0.0
NC_001640.1	3p	+	6	452.0	340.0	174.0	354.0	1320.0	2.0	48.0	1.0	0.0	0.0	0.0	0.0	0.0	0.0	0.0	0.0	0.0	0.0	0.0	0.0	0.0	0.0	0.0	0.0	0.0	0.0
NC_001640.1	3p	+	7	462.0	336.0	167.0	355.0	1320.0	0.0	33.0	2.0	1.0	0.0	0.0	0.0	0.0	0.0	0.0	0.0	0.0	0.0	0.0	0.0	0.0	0.0	0.0	0.0	0.0	0.0
NC_001640.1	3p	+	8	447.0	330.0	192.0	351.0	1320.0	2.0	32.0	3.0	1.0	0.0	0.0	0.0	0.0	0.0	0.0	0.0	0.0	0.0	0.0	0.0	0.0	0.0	0.0	0.0	0.0	0.0
NC_001640.1	3p	+	9	462.0	358.0	163.0	337.0	1320.0	1.0	35.0	4.0	3.0	0.0	1.0	0.0	0.0	0.0	0.0	0.0	0.0	0.0	0.0	0.0	0.0	0.0	0.0	0.0	0.0	0.0
NC_001640.1	3p	+	10	444.0	367.0	162.0	347.0	1320.0	0.0	27.0	2.0	2.0	0.0	2.0	0.0	0.0	0.0	0.0	0.0	0.0	0.0	0.0	0.0	0.0	0.0	0.0	0.0	0.0	0.0
NC_001640.1	3p	+	11	402.0	372.0	201.0	345.0	1320.0	0.0	21.0	3.0	2.0	0.0	0.0	0.0	0.0	0.0	1.0	1.0	0.0	0.0	0.0	0.0	0.0	0.0	0.0	0.0	0.0	0.0
NC_001640.1	3p	+	12	439.0	343.0	205.0	333.0	1320.0	1.0	28.0	0.0	2.0	0.0	2.0	0.0	0.0	0.0	0.0	0.0	0.0	0.0	0.0	0.0	0.0	0.0	0.0	0.0	0.0	0.0
NC_001640.1	3p	+	13	428.0	341.0	182.0	369.0	1320.0	0.0	23.0	2.0	4.0	0.0	1.0	0.0	0.0	0.0	0.0	0.0	0.0	0.0	0.0	0.0	0.0	0.0	0.0	0.0	0.0	0.0
NC_001640.1	3p	+	14	420.0	346.0	208.0	346.0	1320.0	0.0	20.0	0.0	2.0	0.0	0.0	0.0	0.0	1.0	0.0	0.0	1.0	0.0	0.0	0.0	0.0	0.0	0.0	0.0	0.0	0.0
NC_001640.1	3p	+	15	437.0	355.0	206.0	322.0	1320.0	0.0	18.0	1.0	1.0	0.0	1.0	0.0	0.0	0.0	0.0	0.0	0.0	0.0	0.0	0.0	0.0	0.0	0.0	0.0	0.0	0.0
NC_001640.1	3p	+	16	430.0	352.0	180.0	357.0	1319.0	1.0	21.0	0.0	0.0	0.0	0.0	0.0	0.0	1.0	0.0	0.0	0.0	0.0	0.0	0.0	0.0	0.0	0.0	1.0	0.0	0.0
NC_001640.1	3p	+	17	408.0	342.0	211.0	359.0	1320.0	1.0	17.0	0.0	1.0	0.0	0.0	0.0	0.0	0.0	2.0	0.0	0.0	0.0	0.0	0.0	0.0	0.0	0.0	0.0	0.0	0.0
NC_001640.1	3p	+	18	436.0	368.0	182.0	334.0	1320.0	2.0	17.0	0.0	3.0	0.0	0.0	0.0	1.0	0.0	0.0	0.0	0.0	0.0	0.0	0.0	0.0	0.0	0.0	0.0	0.0	0.0
NC_001640.1	3p	+	19	401.0	379.0	177.0	363.0	1320.0	1.0	11.0	2.0	3.0	0.0	0.0	0.0	0.0	1.0	1.0	0.0	0.0	0.0	0.0	0.0	0.0	0.0	0.0	0.0	0.0	0.0
NC_001640.1	3p	+	20	428.0	369.0	187.0	336.0	1320.0	1.0	18.0	0.0	1.0	0.0	0.0	0.0	0.0	0.0	0.0	0.0	0.0	0.0	0.0	0.0	0.0	0.0	0.0	0.0	0.0	0.0
NC_001640.1	3p	+	21	458.0	368.0	179.0	315.0	1320.0	0.0	19.0	3.0	2.0	1.0	0.0	0.0	0.0	0.0	0.0	0.0	1.0	0.0	0.0	0.0	0.0	0.0	0.0	0.0	0.0	0.0
NC_001640.1	3p	+	22	413.0	353.0	172.0	382.0	1320.0	1.0	19.0	3.0	2.0	0.0	0.0	0.0	0.0	0.0	0.0	0.0	0.0	0.0	0.0	0.0	0.0	0.0	0.0	0.0	0.0	0.0
NC_001640.1	3p	+	23	429.0	350.0	190.0	351.0	1320.0	1.0	16.0	1.0	1.0	0.0	1.0	0.0	0.0	0.0	0.0	0.0	0.0	0.0	0.0	0.0	0.0	0.0	0.0	0.0	0.0	0.0
NC_001640.1	3p	+	24	452.0	356.0	166.0	346.0	1320.0	0.0	31.0	1.0	1.0	0.0	0.0	0.0	0.0	0.0	0.0	0.0	0.0	0.0	0.0	0.0	0.0	0.0	0.0	0.0	0.0	0.0
NC_001640.1	3p	+	25	418.0	369.0	166.0	367.0	1320.0	1.0	40.0	1.0	3.0	2.0	0.0	0.0	0.0	0.0	0.0	0.0	0.0	0.0	0.0	0.0	0.0	0.0	0.0	0.0	0.0	0.0
NC_001640.1	3p	+	26	453.0	317.0	195.0	355.0	1320.0	2.0	36.0	1.0	1.0	0.0	0.0	0.0	0.0	0.0	0.0	0.0	0.0	0.0	0.0	0.0	0.0	0.0	0.0	0.0	0.0	0.0
NC_001640.1	3p	+	27	478.0	329.0	191.0	322.0	1320.0	0.0	38.0	1.0	0.0	0.0	0.0	0.0	0.0	1.0	0.0	0.0	0.0	0.0	0.0	0.0	0.0	0.0	0.0	0.0	0.0	0.0
NC_001640.1	3p	+	28	431.0	327.0	195.0	367.0	1320.0	0.0	65.0	1.0	2.0	0.0	0.0	0.0	0.0	0.0	1.0	1.0	0.0	0.0	0.0	0.0	0.0	0.0	0.0	0.0	0.0	0.0
NC_001640.1	3p	+	29	444.0	282.0	219.0	375.0	1320.0	4.0	75.0	2.0	1.0	0.0	0.0	0.0	0.0	0.0	1.0	0.0	1.0	0.0	0.0	0.0	0.0	0.0	0.0	0.0	0.0	0.0
NC_001640.1	3p	+	30	490.0	288.0	184.0	358.0	1320.0	1.0	106.0	1.0	1.0	1.0	0.0	2.0	0.0	0.0	0.0	0.0	0.0	0.0	0.0	0.0	0.0	0.0	0.0	0.0	0.0	0.0
NC_001640.1	3p	+	31	330.0	233.0	149.0	319.0	1031.0	0.0	85.0	1.0	1.0	0.0	0.0	0.0	0.0	0.0	1.0	0.0	0.0	0.0	0.0	0.0	0.0	0.0	0.0	0.0	0.0	0.0
NC_001640.1	3p	+	32	305.0	162.0	123.0	245.0	835.0	0.0	53.0	2.0	3.0	0.0	0.0	0.0	0.0	0.0	1.0	0.0	0.0	0.0	0.0	0.0	0.0	0.0	0.0	0.0	0.0	0.0
NC_001640.1	3p	+	33	244.0	145.0	98.0	166.0	653.0	2.0	53.0	0.0	0.0	0.0	0.0	0.0	0.0	0.0	0.0	0.0	0.0	0.0	0.0	0.0	0.0	0.0	0.0	0.0	0.0	0.0
NC_001640.1	3p	+	34	197.0	111.0	71.0	138.0	517.0	0.0	40.0	4.0	0.0	0.0	0.0	0.0	0.0	0.0	1.0	0.0	0.0	0.0	0.0	0.0	0.0	0.0	0.0	0.0	0.0	0.0
NC_001640.1	3p	+	35	148.0	80.0	55.0	126.0	409.0	0.0	26.0	0.0	0.0	1.0	0.0	0.0	0.0	0.0	0.0	0.0	0.0	0.0	0.0	0.0	0.0	0.0	0.0	0.0	0.0	0.0
NC_001640.1	3p	+	36	122.0	76.0	58.0	74.0	330.0	1.0	21.0	0.0	0.0	0.0	0.0	0.0	0.0	0.0	1.0	0.0	0.0	0.0	0.0	0.0	0.0	0.0	0.0	0.0	0.0	0.0
NC_001640.1	3p	+	37	76.0	46.0	54.0	75.0	251.0	1.0	17.0	0.0	0.0	0.0	0.0	0.0	0.0	0.0	0.0	0.0	0.0	0.0	0.0	0.0	0.0	0.0	0.0	0.0	0.0	0.0
NC_001640.1	3p	+	38	68.0	36.0	50.0	51.0	205.0	1.0	14.0	1.0	0.0	0.0	0.0	0.0	0.0	0.0	0.0	0.0	0.0	0.0	0.0	0.0	0.0	0.0	0.0	0.0	0.0	0.0
NC_001640.1	3p	+	39	44.0	35.0	22.0	51.0	152.0	0.0	7.0	0.0	1.0	0.0	0.0	0.0	0.0	0.0	0.0	0.0	0.0	0.0	0.0	0.0	0.0	0.0	0.0	0.0	0.0	0.0
NC_001640.1	3p	+	40	34.0	43.0	23.0	30.0	130.0	0.0	18.0	0.0	0.0	0.0	0.0	0.0	0.0	0.0	0.0	0.0	0.0	0.0	0.0	0.0	0.0	0.0	0.0	0.0	0.0	0.0
NC_001640.1	3p	+	41	39.0	19.0	19.0	23.0	100.0	0.0	7.0	0.0	0.0	0.0	0.0	0.0	0.0	0.0	0.0	0.0	0.0	0.0	0.0	0.0	0.0	0.0	0.0	0.0	0.0	0.0
NC_001640.1	3p	+	42	33.0	12.0	15.0	27.0	87.0	0.0	6.0	0.0	0.0	0.0	0.0	0.0	0.0	0.0	0.0	0.0	0.0	0.0	0.0	0.0	0.0	0.0	0.0	0.0	0.0	0.0
NC_001640.1	3p	+	43	27.0	9.0	11.0	19.0	66.0	0.0	4.0	1.0	0.0	0.0	0.0	0.0	0.0	0.0	0.0	0.0	0.0	0.0	0.0	0.0	0.0	0.0	0.0	0.0	0.0	0.0
NC_001640.1	3p	+	44	16.0	8.0	10.0	14.0	48.0	0.0	3.0	0.0	0.0	0.0	0.0	0.0	0.0	0.0	0.0	0.0	0.0	0.0	0.0	0.0	0.0	0.0	0.0	0.0	0.0	0.0
NC_001640.1	3p	+	45	14.0	4.0	7.0	11.0	36.0	0.0	1.0	0.0	0.0	0.0	0.0	0.0	0.0	0.0	0.0	0.0	0.0	0.0	0.0	0.0	0.0	0.0	0.0	0.0	0.0	0.0
NC_001640.1	3p	+	46	10.0	3.0	1.0	8.0	22.0	0.0	2.0	0.0	0.0	0.0	0.0	0.0	0.0	0.0	0.0	0.0	0.0	0.0	0.0	0.0	0.0	0.0	0.0	0.0	0.0	0.0
NC_001640.1	3p	+	47	4.0	1.0	4.0	3.0	12.0	1.0	1.0	0.0	0.0	0.0	0.0	0.0	0.0	0.0	0.0	0.0	0.0	0.0	0.0	0.0	0.0	0.0	0.0	0.0	0.0	0.0
NC_001640.1	3p	+	48	4.0	1.0	1.0	2.0	8.0	0.0	1.0	0.0	0.0	0.0	0.0	0.0	0.0	0.0	0.0	0.0	0.0	0.0	0.0	0.0	0.0	0.0	0.0	0.0	0.0	0.0
NC_001640.1	3p	+	49	2.0	0.0	0.0	0.0	2.0	0.0	0.0	0.0	0.0	0.0	0.0	0.0	0.0	0.0	0.0	0.0	0.0	0.0	0.0	0.0	0.0	0.0	0.0	0.0	0.0	0.0
NC_001640.1	3p	+	50	0.0	0.0	0.0	0.0	0.0	0.0	0.0	0.0	0.0	0.0	0.0	0.0	0.0	0.0	0.0	0.0	0.0	0.0	0.0	0.0	0.0	0.0	0.0	0.0	0.0	0.0
NC_001640.1	3p	+	51	0.0	0.0	0.0	0.0	0.0	0.0	0.0	0.0	0.0	0.0	0.0	0.0	0.0	0.0	0.0	0.0	0.0	0.0	0.0	0.0	0.0	0.0	0.0	0.0	0.0	0.0
NC_001640.1	3p	+	52	0.0	0.0	0.0	0.0	0.0	0.0	0.0	0.0	0.0	0.0	0.0	0.0	0.0	0.0	0.0	0.0	0.0	0.0	0.0	0.0	0.0	0.0	0.0	0.0	0.0	0.0
NC_001640.1	3p	+	53	0.0	0.0	0.0	0.0	0.0	0.0	0.0	0.0	0.0	0.0	0.0	0.0	0.0	0.0	0.0	0.0	0.0	0.0	0.0	0.0	0.0	0.0	0.0	0.0	0.0	0.0
NC_001640.1	3p	+	54	0.0	0.0	0.0	0.0	0.0	0.0	0.0	0.0	0.0	0.0	0.0	0.0	0.0	0.0	0.0	0.0	0.0	0.0	0.0	0.0	0.0	0.0	0.0	0.0	0.0	0.0
NC_001640.1	3p	+	55	0.0	0.0	0.0	0.0	0.0	0.0	0.0	0.0	0.0	0.0	0.0	0.0	0.0	0.0	0.0	0.0	0.0	0.0	0.0	0.0	0.0	0.0	0.0	0.0	0.0	0.0
NC_001640.1	3p	+	56	0.0	0.0	0.0	0.0	0.0	0.0	0.0	0.0	0.0	0.0	0.0	0.0	0.0	0.0	0.0	0.0	0.0	0.0	0.0	0.0	0.0	0.0	0.0	0.0	0.0	0.0
NC_001640.1	3p	+	57	0.0	0.0	0.0	0.0	0.0	0.0	0.0	0.0	0.0	0.0	0.0	0.0	0.0	0.0	0.0	0.0	0.0	0.0	0.0	0.0	0.0	0.0	0.0	0.0	0.0	0.0
NC_001640.1	3p	+	58	0.0	0.0	0.0	0.0	0.0	0.0	0.0	0.0	0.0	0.0	0.0	0.0	0.0	0.0	0.0	0.0	0.0	0.0	0.0	0.0	0.0	0.0	0.0	0.0	0.0	0.0
NC_001640.1	3p	+	59	0.0	0.0	0.0	0.0	0.0	0.0	0.0	0.0	0.0	0.0	0.0	0.0	0.0	0.0	0.0	0.0	0.0	0.0	0.0	0.0	0.0	0.0	0.0	0.0	0.0	0.0
NC_001640.1	3p	+	60	0.0	0.0	0.0	0.0	0.0	0.0	0.0	0.0	0.0	0.0	0.0	0.0	0.0	0.0	0.0	0.0	0.0	0.0	0.0	0.0	0.0	0.0	0.0	0.0	0.0	0.0
NC_001640.1	3p	+	61	0.0	0.0	0.0	0.0	0.0	0.0	0.0	0.0	0.0	0.0	0.0	0.0	0.0	0.0	0.0	0.0	0.0	0.0	0.0	0.0	0.0	0.0	0.0	0.0	0.0	0.0
NC_001640.1	3p	+	62	0.0	0.0	0.0	0.0	0.0	0.0	0.0	0.0	0.0	0.0	0.0	0.0	0.0	0.0	0.0	0.0	0.0	0.0	0.0	0.0	0.0	0.0	0.0	0.0	0.0	0.0
NC_001640.1	3p	+	63	0.0	0.0	0.0	0.0	0.0	0.0	0.0	0.0	0.0	0.0	0.0	0.0	0.0	0.0	0.0	0.0	0.0	0.0	0.0	0.0	0.0	0.0	0.0	0.0	0.0	0.0
NC_001640.1	3p	+	64	0.0	0.0	0.0	0.0	0.0	0.0	0.0	0.0	0.0	0.0	0.0	0.0	0.0	0.0	0.0	0.0	0.0	0.0	0.0	0.0	0.0	0.0	0.0	0.0	0.0	0.0
NC_001640.1	3p	+	65	0.0	0.0	0.0	0.0	0.0	0.0	0.0	0.0	0.0	0.0	0.0	0.0	0.0	0.0	0.0	0.0	0.0	0.0	0.0	0.0	0.0	0.0	0.0	0.0	0.0	0.0
NC_001640.1	3p	+	66	0.0	0.0	0.0	0.0	0.0	0.0	0.0	0.0	0.0	0.0	0.0	0.0	0.0	0.0	0.0	0.0	0.0	0.0	0.0	0.0	0.0	0.0	0.0	0.0	0.0	0.0
NC_001640.1	3p	+	67	0.0	0.0	0.0	0.0	0.0	0.0	0.0	0.0	0.0	0.0	0.0	0.0	0.0	0.0	0.0	0.0	0.0	0.0	0.0	0.0	0.0	0.0	0.0	0.0	0.0	0.0
NC_001640.1	3p	+	68	0.0	0.0	0.0	0.0	0.0	0.0	0.0	0.0	0.0	0.0	0.0	0.0	0.0	0.0	0.0	0.0	0.0	0.0	0.0	0.0	0.0	0.0	0.0	0.0	0.0	0.0
NC_001640.1	3p	+	69	0.0	0.0	0.0	0.0	0.0	0.0	0.0	0.0	0.0	0.0	0.0	0.0	0.0	0.0	0.0	0.0	0.0	0.0	0.0	0.0	0.0	0.0	0.0	0.0	0.0	0.0
NC_001640.1	3p	+	70	0.0	0.0	0.0	0.0	0.0	0.0	0.0	0.0	0.0	0.0	0.0	0.0	0.0	0.0	0.0	0.0	0.0	0.0	0.0	0.0	0.0	0.0	0.0	0.0	0.0	0.0
NC_001640.1	3p	+	71	0.0	0.0	0.0	0.0	0.0	0.0	0.0	0.0	0.0	0.0	0.0	0.0	0.0	0.0	0.0	0.0	0.0	0.0	0.0	0.0	0.0	0.0	0.0	0.0	0.0	0.0
NC_001640.1	3p	+	72	0.0	0.0	0.0	0.0	0.0	0.0	0.0	0.0	0.0	0.0	0.0	0.0	0.0	0.0	0.0	0.0	0.0	0.0	0.0	0.0	0.0	0.0	0.0	0.0	0.0	0.0
NC_001640.1	3p	+	73	0.0	0.0	0.0	0.0	0.0	0.0	0.0	0.0	0.0	0.0	0.0	0.0	0.0	0.0	0.0	0.0	0.0	0.0	0.0	0.0	0.0	0.0	0.0	0.0	0.0	0.0
NC_001640.1	3p	+	74	0.0	0.0	0.0	0.0	0.0	0.0	0.0	0.0	0.0	0.0	0.0	0.0	0.0	0.0	0.0	0.0	0.0	0.0	0.0	0.0	0.0	0.0	0.0	0.0	0.0	0.0
NC_001640.1	3p	+	75	0.0	0.0	0.0	0.0	0.0	0.0	0.0	0.0	0.0	0.0	0.0	0.0	0.0	0.0	0.0	0.0	0.0	0.0	0.0	0.0	0.0	0.0	0.0	0.0	0.0	0.0
NC_001640.1	3p	+	76	0.0	0.0	0.0	0.0	0.0	0.0	0.0	0.0	0.0	0.0	0.0	0.0	0.0	0.0	0.0	0.0	0.0	0.0	0.0	0.0	0.0	0.0	0.0	0.0	0.0	0.0
NC_001640.1	3p	+	77	0.0	0.0	0.0	0.0	0.0	0.0	0.0	0.0	0.0	0.0	0.0	0.0	0.0	0.0	0.0	0.0	0.0	0.0	0.0	0.0	0.0	0.0	0.0	0.0	0.0	0.0
NC_001640.1	3p	+	78	0.0	0.0	0.0	0.0	0.0	0.0	0.0	0.0	0.0	0.0	0.0	0.0	0.0	0.0	0.0	0.0	0.0	0.0	0.0	0.0	0.0	0.0	0.0	0.0	0.0	0.0
NC_001640.1	3p	+	79	0.0	0.0	0.0	0.0	0.0	0.0	0.0	0.0	0.0	0.0	0.0	0.0	0.0	0.0	0.0	0.0	0.0	0.0	0.0	0.0	0.0	0.0	0.0	0.0	0.0	0.0
NC_001640.1	3p	+	80	0.0	0.0	0.0	0.0	0.0	0.0	0.0	0.0	0.0	0.0	0.0	0.0	0.0	0.0	0.0	0.0	0.0	0.0	0.0	0.0	0.0	0.0	0.0	0.0	0.0	0.0
NC_001640.1	3p	+	81	0.0	0.0	0.0	0.0	0.0	0.0	0.0	0.0	0.0	0.0	0.0	0.0	0.0	0.0	0.0	0.0	0.0	0.0	0.0	0.0	0.0	0.0	0.0	0.0	0.0	0.0
NC_001640.1	3p	+	82	0.0	0.0	0.0	0.0	0.0	0.0	0.0	0.0	0.0	0.0	0.0	0.0	0.0	0.0	0.0	0.0	0.0	0.0	0.0	0.0	0.0	0.0	0.0	0.0	0.0	0.0
NC_001640.1	3p	+	83	0.0	0.0	0.0	0.0	0.0	0.0	0.0	0.0	0.0	0.0	0.0	0.0	0.0	0.0	0.0	0.0	0.0	0.0	0.0	0.0	0.0	0.0	0.0	0.0	0.0	0.0
NC_001640.1	3p	+	84	0.0	0.0	0.0	0.0	0.0	0.0	0.0	0.0	0.0	0.0	0.0	0.0	0.0	0.0	0.0	0.0	0.0	0.0	0.0	0.0	0.0	0.0	0.0	0.0	0.0	0.0
NC_001640.1	3p	+	85	0.0	0.0	0.0	0.0	0.0	0.0	0.0	0.0	0.0	0.0	0.0	0.0	0.0	0.0	0.0	0.0	0.0	0.0	0.0	0.0	0.0	0.0	0.0	0.0	0.0	0.0
NC_001640.1	3p	+	86	0.0	0.0	0.0	0.0	0.0	0.0	0.0	0.0	0.0	0.0	0.0	0.0	0.0	0.0	0.0	0.0	0.0	0.0	0.0	0.0	0.0	0.0	0.0	0.0	0.0	0.0
NC_001640.1	3p	+	87	0.0	0.0	0.0	0.0	0.0	0.0	0.0	0.0	0.0	0.0	0.0	0.0	0.0	0.0	0.0	0.0	0.0	0.0	0.0	0.0	0.0	0.0	0.0	0.0	0.0	0.0
NC_001640.1	3p	+	88	0.0	0.0	0.0	0.0	0.0	0.0	0.0	0.0	0.0	0.0	0.0	0.0	0.0	0.0	0.0	0.0	0.0	0.0	0.0	0.0	0.0	0.0	0.0	0.0	0.0	0.0
NC_001640.1	3p	+	89	0.0	0.0	0.0	0.0	0.0	0.0	0.0	0.0	0.0	0.0	0.0	0.0	0.0	0.0	0.0	0.0	0.0	0.0	0.0	0.0	0.0	0.0	0.0	0.0	0.0	0.0
NC_001640.1	3p	+	90	0.0	0.0	0.0	0.0	0.0	0.0	0.0	0.0	0.0	0.0	0.0	0.0	0.0	0.0	0.0	0.0	0.0	0.0	0.0	0.0	0.0	0.0	0.0	0.0	0.0	0.0
NC_001640.1	3p	+	91	0.0	0.0	0.0	0.0	0.0	0.0	0.0	0.0	0.0	0.0	0.0	0.0	0.0	0.0	0.0	0.0	0.0	0.0	0.0	0.0	0.0	0.0	0.0	0.0	0.0	0.0
NC_001640.1	3p	+	92	0.0	0.0	0.0	0.0	0.0	0.0	0.0	0.0	0.0	0.0	0.0	0.0	0.0	0.0	0.0	0.0	0.0	0.0	0.0	0.0	0.0	0.0	0.0	0.0	0.0	0.0
NC_001640.1	3p	+	93	0.0	0.0	0.0	0.0	0.0	0.0	0.0	0.0	0.0	0.0	0.0	0.0	0.0	0.0	0.0	0.0	0.0	0.0	0.0	0.0	0.0	0.0	0.0	0.0	0.0	0.0
NC_001640.1	3p	+	94	0.0	0.0	0.0	0.0	0.0	0.0	0.0	0.0	0.0	0.0	0.0	0.0	0.0	0.0	0.0	0.0	0.0	0.0	0.0	0.0	0.0	0.0	0.0	0.0	0.0	0.0
NC_001640.1	3p	+	95	0.0	0.0	0.0	0.0	0.0	0.0	0.0	0.0	0.0	0.0	0.0	0.0	0.0	0.0	0.0	0.0	0.0	0.0	0.0	0.0	0.0	0.0	0.0	0.0	0.0	0.0
NC_001640.1	3p	+	96	0.0	0.0	0.0	0.0	0.0	0.0	0.0	0.0	0.0	0.0	0.0	0.0	0.0	0.0	0.0	0.0	0.0	0.0	0.0	0.0	0.0	0.0	0.0	0.0	0.0	0.0
NC_001640.1	3p	+	97	0.0	0.0	0.0	0.0	0.0	0.0	0.0	0.0	0.0	0.0	0.0	0.0	0.0	0.0	0.0	0.0	0.0	0.0	0.0	0.0	0.0	0.0	0.0	0.0	0.0	0.0
NC_001640.1	3p	+	98	0.0	0.0	0.0	0.0	0.0	0.0	0.0	0.0	0.0	0.0	0.0	0.0	0.0	0.0	0.0	0.0	0.0	0.0	0.0	0.0	0.0	0.0	0.0	0.0	0.0	0.0
NC_001640.1	3p	+	99	0.0	0.0	0.0	0.0	0.0	0.0	0.0	0.0	0.0	0.0	0.0	0.0	0.0	0.0	0.0	0.0	0.0	0.0	0.0	0.0	0.0	0.0	0.0	0.0	0.0	0.0
NC_001640.1	3p	+	100	0.0	0.0	0.0	0.0	0.0	0.0	0.0	0.0	0.0	0.0	0.0	0.0	0.0	0.0	0.0	0.0	0.0	0.0	0.0	0.0	0.0	0.0	0.0	0.0	0.0	0.0
NC_001640.1	3p	-	1	474.0	319.0	628.0	934.0	2355.0	3.0	204.0	1.0	1.0	1.0	1.0	0.0	0.0	2.0	0.0	0.0	0.00.0	0.0	0.0	0.0	0.0	0.0	0.0	0.0	0.0
NC_001640.1	3p	-	2	468.0	299.0	776.0	812.0	2355.0	2.0	170.0	5.0	0.0	0.0	1.0	0.0	0.0	0.0	0.0	0.0	0.00.0	0.0	0.0	0.0	0.0	0.0	0.0	0.0	0.0
NC_001640.1	3p	-	3	655.0	241.0	690.0	769.0	2355.0	4.0	102.0	6.0	0.0	0.0	2.0	0.0	1.0	0.0	1.0	1.0	0.00.0	0.0	0.0	0.0	0.0	0.0	0.0	0.0	0.0
NC_001640.1	3p	-	4	592.0	285.0	708.0	770.0	2355.0	5.0	75.0	5.0	2.0	1.0	0.0	0.0	1.0	1.0	1.0	0.0	0.00.0	0.0	0.0	0.0	0.0	0.0	0.0	0.0	0.0
NC_001640.1	3p	-	5	613.0	309.0	681.0	752.0	2355.0	3.0	76.0	4.0	0.0	1.0	0.0	0.0	0.0	0.0	1.0	0.0	1.00.0	0.0	0.0	0.0	0.0	0.0	0.0	0.0	0.0
NC_001640.1	3p	-	6	619.0	304.0	646.0	786.0	2355.0	7.0	57.0	3.0	2.0	0.0	0.0	2.0	0.0	1.0	1.0	0.0	1.00.0	0.0	0.0	0.0	0.0	0.0	0.0	0.0	0.0
NC_001640.1	3p	-	7	618.0	297.0	675.0	765.0	2355.0	5.0	52.0	9.0	4.0	0.0	0.0	2.0	0.0	1.0	0.0	1.0	2.00.0	0.0	0.0	0.0	0.0	0.0	0.0	0.0	0.0
NC_001640.1	3p	-	8	572.0	305.0	695.0	783.0	2355.0	2.0	54.0	3.0	4.0	3.0	0.0	0.0	0.0	1.0	1.0	2.0	0.00.0	0.0	0.0	0.0	0.0	0.0	0.0	0.0	0.0
NC_001640.1	3p	-	9	640.0	238.0	674.0	803.0	2355.0	2.0	28.0	3.0	3.0	0.0	1.0	0.0	0.0	0.0	2.0	1.0	0.00.0	0.0	0.0	0.0	0.0	0.0	0.0	0.0	0.0
NC_001640.1	3p	-	10	652.0	283.0	657.0	763.0	2355.0	7.0	36.0	6.0	3.0	0.0	0.0	1.0	0.0	1.0	0.0	0.0	0.00.0	0.0	0.0	0.0	0.0	0.0	0.0	0.0	0.0
NC_001640.1	3p	-	11	640.0	267.0	697.0	751.0	2355.0	4.0	21.0	4.0	2.0	0.0	1.0	1.0	0.0	1.0	0.0	0.0	0.00.0	0.0	0.0	0.0	0.0	0.0	0.0	0.0	0.0
NC_001640.1	3p	-	12	641.0	298.0	711.0	704.0	2354.0	3.0	33.0	5.0	5.0	0.0	0.0	1.0	0.0	0.0	2.0	0.0	1.00.0	0.0	0.0	0.0	0.0	0.0	0.0	1.0	0.0
NC_001640.1	3p	-	13	609.0	298.0	656.0	792.0	2355.0	5.0	28.0	5.0	5.0	0.0	1.0	0.0	0.0	0.0	2.0	1.0	0.00.0	0.0	0.0	0.0	0.0	0.0	0.0	0.0	0.0
NC_001640.1	3p	-	14	622.0	309.0	654.0	770.0	2355.0	5.0	30.0	6.0	2.0	0.0	0.0	0.0	0.0	2.0	0.0	1.0	0.00.0	0.0	0.0	0.0	0.0	0.0	0.0	0.0	0.0
NC_001640.1	3p	-	15	654.0	309.0	625.0	767.0	2355.0	4.0	24.0	4.0	6.0	0.0	0.0	0.0	0.0	0.0	0.0	0.0	1.00.0	0.0	0.0	0.0	0.0	0.0	0.0	0.0	0.0
NC_001640.1	3p	-	16	589.0	288.0	714.0	764.0	2355.0	3.0	20.0	7.0	3.0	0.0	0.0	0.0	0.0	1.0	1.0	0.0	0.00.0	0.0	0.0	0.0	0.0	0.0	0.0	0.0	0.0
NC_001640.1	3p	-	17	623.0	294.0	660.0	778.0	2355.0	1.0	26.0	7.0	3.0	0.0	1.0	0.0	0.0	0.0	1.0	0.0	0.00.0	0.0	0.0	0.0	0.0	0.0	0.0	0.0	0.0
NC_001640.1	3p	-	18	649.0	304.0	671.0	731.0	2355.0	2.0	24.0	5.0	3.0	0.0	2.0	0.0	0.0	2.0	2.0	0.0	0.00.0	0.0	0.0	0.0	0.0	0.0	0.0	0.0	0.0
NC_001640.1	3p	-	19	600.0	284.0	656.0	815.0	2355.0	3.0	22.0	6.0	2.0	0.0	2.0	0.0	0.0	0.0	1.0	0.0	0.00.0	0.0	0.0	0.0	0.0	0.0	0.0	0.0	0.0
NC_001640.1	3p	-	20	580.0	317.0	698.0	760.0	2355.0	4.0	24.0	6.0	4.0	0.0	0.0	0.0	0.0	1.0	0.0	0.0	1.00.0	0.0	0.0	0.0	0.0	0.0	0.0	0.0	0.0
NC_001640.1	3p	-	21	625.0	267.0	703.0	760.0	2355.0	3.0	14.0	8.0	6.0	0.0	2.0	0.0	0.0	0.0	0.0	0.0	0.00.0	0.0	0.0	0.0	0.0	0.0	0.0	0.0	0.0
NC_001640.1	3p	-	22	626.0	276.0	713.0	740.0	2355.0	4.0	16.0	4.0	2.0	0.0	3.0	0.0	1.0	0.0	0.0	0.0	1.00.0	0.0	0.0	0.0	0.0	0.0	0.0	0.0	0.0
NC_001640.1	3p	-	23	596.0	291.0	658.0	810.0	2355.0	4.0	17.0	4.0	3.0	0.0	0.0	0.0	1.0	0.0	1.0	0.0	0.00.0	0.0	0.0	0.0	0.0	0.0	0.0	0.0	0.0
NC_001640.1	3p	-	24	606.0	276.0	665.0	808.0	2355.0	2.0	26.0	5.0	3.0	0.0	0.0	0.0	0.0	0.0	0.0	0.0	1.00.0	0.0	0.0	0.0	0.0	0.0	0.0	0.0	0.0
NC_001640.1	3p	-	25	582.0	300.0	705.0	768.0	2355.0	5.0	46.0	5.0	2.0	0.0	0.0	0.0	0.0	1.0	1.0	0.0	1.00.0	0.0	0.0	0.0	0.0	0.0	0.0	0.0	0.0
NC_001640.1	3p	-	26	572.0	312.0	657.0	814.0	2355.0	1.0	37.0	7.0	2.0	0.0	1.0	0.0	0.0	0.0	1.0	2.0	0.00.0	0.0	0.0	0.0	0.0	0.0	0.0	0.0	0.0
NC_001640.1	3p	-	27	612.0	299.0	700.0	744.0	2355.0	2.0	51.0	7.0	1.0	2.0	1.0	0.0	0.0	0.0	2.0	0.0	0.00.0	0.0	0.0	0.0	0.0	0.0	0.0	0.0	0.0
NC_001640.1	3p	-	28	638.0	282.0	639.0	796.0	2355.0	5.0	76.0	5.0	3.0	1.0	1.0	0.0	0.0	1.0	2.0	1.0	0.00.0	0.0	0.0	0.0	0.0	0.0	0.0	0.0	0.0
NC_001640.1	3p	-	29	604.0	288.0	664.0	799.0	2355.0	2.0	82.0	4.0	5.0	0.0	0.0	0.0	0.0	0.0	2.0	0.0	0.00.0	0.0	0.0	0.0	0.0	0.0	0.0	0.0	0.0
NC_001640.1	3p	-	30	685.0	253.0	713.0	704.0	2355.0	2.0	90.0	6.0	2.0	1.0	0.0	0.0	0.0	0.0	2.0	0.0	0.00.0	0.0	0.0	0.0	0.0	0.0	0.0	0.0	0.0
NC_001640.1	3p	-	31	534.0	211.0	560.0	685.0	1990.0	3.0	81.0	8.0	2.0	0.0	0.0	0.0	0.0	1.0	2.0	0.0	0.00.0	0.0	0.0	0.0	0.0	0.0	0.0	0.0	0.0
NC_001640.1	3p	-	32	441.0	165.0	497.0	570.0	1673.0	2.0	59.0	2.0	1.0	1.0	0.0	0.0	1.0	0.0	1.0	0.0	0.00.0	0.0	0.0	0.0	0.0	0.0	0.0	0.0	0.0
NC_001640.1	3p	-	33	385.0	134.0	402.0	446.0	1367.0	3.0	52.0	0.0	0.0	0.0	1.0	0.0	0.0	0.0	2.0	0.0	0.00.0	0.0	0.0	0.0	0.0	0.0	0.0	0.0	0.0
NC_001640.1	3p	-	34	294.0	116.0	346.0	373.0	1129.0	1.0	60.0	3.0	0.0	0.0	0.0	0.0	0.0	0.0	1.0	0.0	0.00.0	0.0	0.0	0.0	0.0	0.0	0.0	0.0	0.0
NC_001640.1	3p	-	35	252.0	104.0	279.0	304.0	939.0	0.0	45.0	4.0	0.0	1.0	1.0	0.0	0.0	0.0	0.0	0.0	0.00.0	0.0	0.0	0.0	0.0	0.0	0.0	0.0	0.0
NC_001640.1	3p	-	36	205.0	88.0	226.0	257.0	776.0	2.0	42.0	3.0	1.0	0.0	1.0	0.0	0.0	1.0	0.0	0.0	0.00.0	0.0	0.0	0.0	0.0	0.0	0.0	0.0	0.0
NC_001640.1	3p	-	37	168.0	58.0	186.0	209.0	621.0	2.0	26.0	2.0	2.0	0.0	0.0	0.0	0.0	1.0	0.0	0.0	0.00.0	0.0	0.0	0.0	0.0	0.0	0.0	0.0	0.0
NC_001640.1	3p	-	38	135.0	51.0	161.0	166.0	513.0	0.0	23.0	3.0	0.0	0.0	0.0	0.0	0.0	0.0	1.0	0.0	0.00.0	0.0	0.0	0.0	0.0	0.0	0.0	0.0	0.0
NC_001640.1	3p	-	39	124.0	46.0	134.0	120.0	424.0	2.0	23.0	1.0	1.0	0.0	0.0	0.0	0.0	0.0	0.0	0.0	0.00.0	0.0	0.0	0.0	0.0	0.0	0.0	0.0	0.0
NC_001640.1	3p	-	40	94.0	42.0	95.0	114.0	345.0	1.0	21.0	0.0	0.0	0.0	0.0	0.0	0.0	0.0	0.0	0.0	0.00.0	0.0	0.0	0.0	0.0	0.0	0.0	0.0	0.0
NC_001640.1	3p	-	41	75.0	28.0	87.0	102.0	292.0	0.0	13.0	0.0	0.0	0.0	0.0	0.0	0.0	1.0	0.0	0.0	0.00.0	0.0	0.0	0.0	0.0	0.0	0.0	0.0	0.0
NC_001640.1	3p	-	42	73.0	35.0	60.0	78.0	246.0	0.0	19.0	0.0	0.0	0.0	0.0	0.0	0.0	0.0	0.0	0.0	0.00.0	0.0	0.0	0.0	0.0	0.0	0.0	0.0	0.0
NC_001640.1	3p	-	43	58.0	26.0	52.0	58.0	194.0	1.0	8.0	0.0	0.0	0.0	0.0	0.0	0.0	0.0	0.0	0.0	0.00.0	0.0	0.0	0.0	0.0	0.0	0.0	0.0	0.0
NC_001640.1	3p	-	44	49.0	17.0	43.0	37.0	146.0	0.0	7.0	0.0	0.0	0.0	0.0	0.0	0.0	0.0	0.0	0.0	0.00.0	0.0	0.0	0.0	0.0	0.0	0.0	0.0	0.0
NC_001640.1	3p	-	45	26.0	11.0	24.0	40.0	101.0	0.0	4.0	0.0	1.0	0.0	0.0	0.0	0.0	0.0	0.0	0.0	0.00.0	0.0	0.0	0.0	0.0	0.0	0.0	0.0	0.0
NC_001640.1	3p	-	46	17.0	7.0	25.0	22.0	71.0	0.0	2.0	0.0	0.0	0.0	0.0	0.0	0.0	0.0	0.0	0.0	0.00.0	0.0	0.0	0.0	0.0	0.0	0.0	0.0	0.0
NC_001640.1	3p	-	47	10.0	9.0	16.0	13.0	48.0	0.0	8.0	0.0	0.0	0.0	0.0	0.0	0.0	0.0	1.0	0.0	0.00.0	0.0	0.0	0.0	0.0	0.0	0.0	0.0	0.0
NC_001640.1	3p	-	48	6.0	3.0	10.0	8.0	27.0	0.0	3.0	0.0	0.0	0.0	0.0	0.0	0.0	0.0	0.0	0.0	0.00.0	0.0	0.0	0.0	0.0	0.0	0.0	0.0	0.0
NC_001640.1	3p	-	49	1.0	2.0	4.0	6.0	13.0	0.0	0.0	0.0	0.0	0.0	0.0	0.0	0.0	0.0	0.0	0.0	0.00.0	0.0	0.0	0.0	0.0	0.0	0.0	0.0	0.0
NC_001640.1	3p	-	50	0.0	0.0	0.0	0.0	0.0	0.0	0.0	0.0	0.0	0.0	0.0	0.0	0.0	0.0	0.0	0.0	0.00.0	0.0	0.0	0.0	0.0	0.0	0.0	0.0	0.0
NC_001640.1	3p	-	51	0.0	0.0	0.0	0.0	0.0	0.0	0.0	0.0	0.0	0.0	0.0	0.0	0.0	0.0	0.0	0.0	0.00.0	0.0	0.0	0.0	0.0	0.0	0.0	0.0	0.0
NC_001640.1	3p	-	52	0.0	0.0	0.0	0.0	0.0	0.0	0.0	0.0	0.0	0.0	0.0	0.0	0.0	0.0	0.0	0.0	0.00.0	0.0	0.0	0.0	0.0	0.0	0.0	0.0	0.0
NC_001640.1	3p	-	53	0.0	0.0	0.0	0.0	0.0	0.0	0.0	0.0	0.0	0.0	0.0	0.0	0.0	0.0	0.0	0.0	0.00.0	0.0	0.0	0.0	0.0	0.0	0.0	0.0	0.0
NC_001640.1	3p	-	54	0.0	0.0	0.0	0.0	0.0	0.0	0.0	0.0	0.0	0.0	0.0	0.0	0.0	0.0	0.0	0.0	0.00.0	0.0	0.0	0.0	0.0	0.0	0.0	0.0	0.0
NC_001640.1	3p	-	55	0.0	0.0	0.0	0.0	0.0	0.0	0.0	0.0	0.0	0.0	0.0	0.0	0.0	0.0	0.0	0.0	0.00.0	0.0	0.0	0.0	0.0	0.0	0.0	0.0	0.0
NC_001640.1	3p	-	56	0.0	0.0	0.0	0.0	0.0	0.0	0.0	0.0	0.0	0.0	0.0	0.0	0.0	0.0	0.0	0.0	0.00.0	0.0	0.0	0.0	0.0	0.0	0.0	0.0	0.0
NC_001640.1	3p	-	57	0.0	0.0	0.0	0.0	0.0	0.0	0.0	0.0	0.0	0.0	0.0	0.0	0.0	0.0	0.0	0.0	0.00.0	0.0	0.0	0.0	0.0	0.0	0.0	0.0	0.0
NC_001640.1	3p	-	58	0.0	0.0	0.0	0.0	0.0	0.0	0.0	0.0	0.0	0.0	0.0	0.0	0.0	0.0	0.0	0.0	0.00.0	0.0	0.0	0.0	0.0	0.0	0.0	0.0	0.0
NC_001640.1	3p	-	59	0.0	0.0	0.0	0.0	0.0	0.0	0.0	0.0	0.0	0.0	0.0	0.0	0.0	0.0	0.0	0.0	0.00.0	0.0	0.0	0.0	0.0	0.0	0.0	0.0	0.0
NC_001640.1	3p	-	60	0.0	0.0	0.0	0.0	0.0	0.0	0.0	0.0	0.0	0.0	0.0	0.0	0.0	0.0	0.0	0.0	0.00.0	0.0	0.0	0.0	0.0	0.0	0.0	0.0	0.0
NC_001640.1	3p	-	61	0.0	0.0	0.0	0.0	0.0	0.0	0.0	0.0	0.0	0.0	0.0	0.0	0.0	0.0	0.0	0.0	0.00.0	0.0	0.0	0.0	0.0	0.0	0.0	0.0	0.0
NC_001640.1	3p	-	62	0.0	0.0	0.0	0.0	0.0	0.0	0.0	0.0	0.0	0.0	0.0	0.0	0.0	0.0	0.0	0.0	0.00.0	0.0	0.0	0.0	0.0	0.0	0.0	0.0	0.0
NC_001640.1	3p	-	63	0.0	0.0	0.0	0.0	0.0	0.0	0.0	0.0	0.0	0.0	0.0	0.0	0.0	0.0	0.0	0.0	0.00.0	0.0	0.0	0.0	0.0	0.0	0.0	0.0	0.0
NC_001640.1	3p	-	64	0.0	0.0	0.0	0.0	0.0	0.0	0.0	0.0	0.0	0.0	0.0	0.0	0.0	0.0	0.0	0.0	0.00.0	0.0	0.0	0.0	0.0	0.0	0.0	0.0	0.0
NC_001640.1	3p	-	65	0.0	0.0	0.0	0.0	0.0	0.0	0.0	0.0	0.0	0.0	0.0	0.0	0.0	0.0	0.0	0.0	0.00.0	0.0	0.0	0.0	0.0	0.0	0.0	0.0	0.0
NC_001640.1	3p	-	66	0.0	0.0	0.0	0.0	0.0	0.0	0.0	0.0	0.0	0.0	0.0	0.0	0.0	0.0	0.0	0.0	0.00.0	0.0	0.0	0.0	0.0	0.0	0.0	0.0	0.0
NC_001640.1	3p	-	67	0.0	0.0	0.0	0.0	0.0	0.0	0.0	0.0	0.0	0.0	0.0	0.0	0.0	0.0	0.0	0.0	0.00.0	0.0	0.0	0.0	0.0	0.0	0.0	0.0	0.0
NC_001640.1	3p	-	68	0.0	0.0	0.0	0.0	0.0	0.0	0.0	0.0	0.0	0.0	0.0	0.0	0.0	0.0	0.0	0.0	0.00.0	0.0	0.0	0.0	0.0	0.0	0.0	0.0	0.0
NC_001640.1	3p	-	69	0.0	0.0	0.0	0.0	0.0	0.0	0.0	0.0	0.0	0.0	0.0	0.0	0.0	0.0	0.0	0.0	0.00.0	0.0	0.0	0.0	0.0	0.0	0.0	0.0	0.0
NC_001640.1	3p	-	70	0.0	0.0	0.0	0.0	0.0	0.0	0.0	0.0	0.0	0.0	0.0	0.0	0.0	0.0	0.0	0.0	0.00.0	0.0	0.0	0.0	0.0	0.0	0.0	0.0	0.0
NC_001640.1	3p	-	71	0.0	0.0	0.0	0.0	0.0	0.0	0.0	0.0	0.0	0.0	0.0	0.0	0.0	0.0	0.0	0.0	0.00.0	0.0	0.0	0.0	0.0	0.0	0.0	0.0	0.0
NC_001640.1	3p	-	72	0.0	0.0	0.0	0.0	0.0	0.0	0.0	0.0	0.0	0.0	0.0	0.0	0.0	0.0	0.0	0.0	0.00.0	0.0	0.0	0.0	0.0	0.0	0.0	0.0	0.0
NC_001640.1	3p	-	73	0.0	0.0	0.0	0.0	0.0	0.0	0.0	0.0	0.0	0.0	0.0	0.0	0.0	0.0	0.0	0.0	0.00.0	0.0	0.0	0.0	0.0	0.0	0.0	0.0	0.0
NC_001640.1	3p	-	74	0.0	0.0	0.0	0.0	0.0	0.0	0.0	0.0	0.0	0.0	0.0	0.0	0.0	0.0	0.0	0.0	0.00.0	0.0	0.0	0.0	0.0	0.0	0.0	0.0	0.0
NC_001640.1	3p	-	75	0.0	0.0	0.0	0.0	0.0	0.0	0.0	0.0	0.0	0.0	0.0	0.0	0.0	0.0	0.0	0.0	0.00.0	0.0	0.0	0.0	0.0	0.0	0.0	0.0	0.0
NC_001640.1	3p	-	76	0.0	0.0	0.0	0.0	0.0	0.0	0.0	0.0	0.0	0.0	0.0	0.0	0.0	0.0	0.0	0.0	0.00.0	0.0	0.0	0.0	0.0	0.0	0.0	0.0	0.0
NC_001640.1	3p	-	77	0.0	0.0	0.0	0.0	0.0	0.0	0.0	0.0	0.0	0.0	0.0	0.0	0.0	0.0	0.0	0.0	0.00.0	0.0	0.0	0.0	0.0	0.0	0.0	0.0	0.0
NC_001640.1	3p	-	78	0.0	0.0	0.0	0.0	0.0	0.0	0.0	0.0	0.0	0.0	0.0	0.0	0.0	0.0	0.0	0.0	0.00.0	0.0	0.0	0.0	0.0	0.0	0.0	0.0	0.0
NC_001640.1	3p	-	79	0.0	0.0	0.0	0.0	0.0	0.0	0.0	0.0	0.0	0.0	0.0	0.0	0.0	0.0	0.0	0.0	0.00.0	0.0	0.0	0.0	0.0	0.0	0.0	0.0	0.0
NC_001640.1	3p	-	80	0.0	0.0	0.0	0.0	0.0	0.0	0.0	0.0	0.0	0.0	0.0	0.0	0.0	0.0	0.0	0.0	0.00.0	0.0	0.0	0.0	0.0	0.0	0.0	0.0	0.0
NC_001640.1	3p	-	81	0.0	0.0	0.0	0.0	0.0	0.0	0.0	0.0	0.0	0.0	0.0	0.0	0.0	0.0	0.0	0.0	0.00.0	0.0	0.0	0.0	0.0	0.0	0.0	0.0	0.0
NC_001640.1	3p	-	82	0.0	0.0	0.0	0.0	0.0	0.0	0.0	0.0	0.0	0.0	0.0	0.0	0.0	0.0	0.0	0.0	0.00.0	0.0	0.0	0.0	0.0	0.0	0.0	0.0	0.0
NC_001640.1	3p	-	83	0.0	0.0	0.0	0.0	0.0	0.0	0.0	0.0	0.0	0.0	0.0	0.0	0.0	0.0	0.0	0.0	0.00.0	0.0	0.0	0.0	0.0	0.0	0.0	0.0	0.0
NC_001640.1	3p	-	84	0.0	0.0	0.0	0.0	0.0	0.0	0.0	0.0	0.0	0.0	0.0	0.0	0.0	0.0	0.0	0.0	0.00.0	0.0	0.0	0.0	0.0	0.0	0.0	0.0	0.0
NC_001640.1	3p	-	85	0.0	0.0	0.0	0.0	0.0	0.0	0.0	0.0	0.0	0.0	0.0	0.0	0.0	0.0	0.0	0.0	0.00.0	0.0	0.0	0.0	0.0	0.0	0.0	0.0	0.0
NC_001640.1	3p	-	86	0.0	0.0	0.0	0.0	0.0	0.0	0.0	0.0	0.0	0.0	0.0	0.0	0.0	0.0	0.0	0.0	0.00.0	0.0	0.0	0.0	0.0	0.0	0.0	0.0	0.0
NC_001640.1	3p	-	87	0.0	0.0	0.0	0.0	0.0	0.0	0.0	0.0	0.0	0.0	0.0	0.0	0.0	0.0	0.0	0.0	0.00.0	0.0	0.0	0.0	0.0	0.0	0.0	0.0	0.0
NC_001640.1	3p	-	88	0.0	0.0	0.0	0.0	0.0	0.0	0.0	0.0	0.0	0.0	0.0	0.0	0.0	0.0	0.0	0.0	0.00.0	0.0	0.0	0.0	0.0	0.0	0.0	0.0	0.0
NC_001640.1	3p	-	89	0.0	0.0	0.0	0.0	0.0	0.0	0.0	0.0	0.0	0.0	0.0	0.0	0.0	0.0	0.0	0.0	0.00.0	0.0	0.0	0.0	0.0	0.0	0.0	0.0	0.0
NC_001640.1	3p	-	90	0.0	0.0	0.0	0.0	0.0	0.0	0.0	0.0	0.0	0.0	0.0	0.0	0.0	0.0	0.0	0.0	0.00.0	0.0	0.0	0.0	0.0	0.0	0.0	0.0	0.0
NC_001640.1	3p	-	91	0.0	0.0	0.0	0.0	0.0	0.0	0.0	0.0	0.0	0.0	0.0	0.0	0.0	0.0	0.0	0.0	0.00.0	0.0	0.0	0.0	0.0	0.0	0.0	0.0	0.0
NC_001640.1	3p	-	92	0.0	0.0	0.0	0.0	0.0	0.0	0.0	0.0	0.0	0.0	0.0	0.0	0.0	0.0	0.0	0.0	0.00.0	0.0	0.0	0.0	0.0	0.0	0.0	0.0	0.0
NC_001640.1	3p	-	93	0.0	0.0	0.0	0.0	0.0	0.0	0.0	0.0	0.0	0.0	0.0	0.0	0.0	0.0	0.0	0.0	0.00.0	0.0	0.0	0.0	0.0	0.0	0.0	0.0	0.0
NC_001640.1	3p	-	94	0.0	0.0	0.0	0.0	0.0	0.0	0.0	0.0	0.0	0.0	0.0	0.0	0.0	0.0	0.0	0.0	0.00.0	0.0	0.0	0.0	0.0	0.0	0.0	0.0	0.0
NC_001640.1	3p	-	95	0.0	0.0	0.0	0.0	0.0	0.0	0.0	0.0	0.0	0.0	0.0	0.0	0.0	0.0	0.0	0.0	0.00.0	0.0	0.0	0.0	0.0	0.0	0.0	0.0	0.0
NC_001640.1	3p	-	96	0.0	0.0	0.0	0.0	0.0	0.0	0.0	0.0	0.0	0.0	0.0	0.0	0.0	0.0	0.0	0.0	0.00.0	0.0	0.0	0.0	0.0	0.0	0.0	0.0	0.0
NC_001640.1	3p	-	97	0.0	0.0	0.0	0.0	0.0	0.0	0.0	0.0	0.0	0.0	0.0	0.0	0.0	0.0	0.0	0.0	0.00.0	0.0	0.0	0.0	0.0	0.0	0.0	0.0	0.0
NC_001640.1	3p	-	98	0.0	0.0	0.0	0.0	0.0	0.0	0.0	0.0	0.0	0.0	0.0	0.0	0.0	0.0	0.0	0.0	0.00.0	0.0	0.0	0.0	0.0	0.0	0.0	0.0	0.0
NC_001640.1	3p	-	99	0.0	0.0	0.0	0.0	0.0	0.0	0.0	0.0	0.0	0.0	0.0	0.0	0.0	0.0	0.0	0.0	0.00.0	0.0	0.0	0.0	0.0	0.0	0.0	0.0	0.0
NC_001640.1	3p	-	100	0.0	0.0	0.0	0.0	0.0	0.0	0.0	0.0	0.0	0.0	0.0	0.0	0.0	0.0	0.0	0.0	0.00.0	0.0	0.0	0.0	0.0	0.0	0.0	0.0	0.0
NC_001640.1	5p	+	1	480.0	275.0	209.0	356.0	1320.0	3.0	156.0	2.0	0.0	1.0	0.0	2.0	0.0	0.0	0.0	0.0	0.00.0	0.0	0.0	0.0	0.0	0.0	0.0	0.0	0.0
NC_001640.1	5p	+	2	463.0	266.0	190.0	401.0	1320.0	4.0	123.0	1.0	2.0	0.0	0.0	0.0	0.0	0.0	1.0	0.0	1.00.0	0.0	0.0	0.0	0.0	0.0	0.0	0.0	0.0
NC_001640.1	5p	+	3	434.0	287.0	205.0	394.0	1320.0	1.0	82.0	0.0	0.0	1.0	0.0	0.0	0.0	0.0	1.0	1.0	0.00.0	0.0	0.0	0.0	0.0	0.0	0.0	0.0	0.0
NC_001640.1	5p	+	4	459.0	305.0	214.0	342.0	1320.0	0.0	84.0	0.0	2.0	0.0	0.0	0.0	0.0	1.0	1.0	0.0	0.00.0	0.0	0.0	0.0	0.0	0.0	0.0	0.0	0.0
NC_001640.1	5p	+	5	469.0	309.0	192.0	350.0	1320.0	1.0	72.0	3.0	1.0	0.0	0.0	0.0	0.0	0.0	0.0	0.0	0.00.0	0.0	0.0	0.0	0.0	0.0	0.0	0.0	0.0
NC_001640.1	5p	+	6	470.0	304.0	198.0	348.0	1320.0	2.0	50.0	2.0	1.0	0.0	0.0	0.0	0.0	0.0	0.0	0.0	0.00.0	0.0	0.0	0.0	0.0	0.0	0.0	0.0	0.0
NC_001640.1	5p	+	7	476.0	338.0	172.0	334.0	1320.0	0.0	56.0	2.0	1.0	0.0	0.0	0.0	0.0	0.0	2.0	0.0	0.00.0	0.0	0.0	0.0	0.0	0.0	0.0	0.0	0.0
NC_001640.1	5p	+	8	435.0	323.0	199.0	363.0	1320.0	2.0	42.0	2.0	1.0	0.0	0.0	0.0	0.0	0.0	0.0	0.0	0.00.0	0.0	0.0	0.0	0.0	0.0	0.0	0.0	0.0
NC_001640.1	5p	+	9	422.0	332.0	196.0	370.0	1320.0	0.0	25.0	2.0	1.0	1.0	0.0	0.0	0.0	0.0	1.0	0.0	0.00.0	0.0	0.0	0.0	0.0	0.0	0.0	0.0	0.0
NC_001640.1	5p	+	10	450.0	358.0	195.0	317.0	1320.0	1.0	30.0	2.0	2.0	1.0	0.0	0.0	0.0	0.0	0.0	0.0	0.00.0	0.0	0.0	0.0	0.0	0.0	0.0	0.0	0.0
NC_001640.1	5p	+	11	457.0	341.0	165.0	357.0	1320.0	0.0	17.0	1.0	3.0	1.0	0.0	0.0	0.0	0.0	0.0	0.0	0.00.0	0.0	0.0	0.0	0.0	0.0	0.0	0.0	0.0
NC_001640.1	5p	+	12	457.0	339.0	161.0	363.0	1320.0	3.0	20.0	2.0	4.0	0.0	0.0	0.0	0.0	0.0	0.0	0.0	0.00.0	0.0	0.0	0.0	0.0	0.0	0.0	0.0	0.0
NC_001640.1	5p	+	13	413.0	368.0	176.0	363.0	1320.0	1.0	26.0	1.0	3.0	0.0	0.0	0.0	1.0	0.0	0.0	0.0	1.00.0	0.0	0.0	0.0	0.0	0.0	0.0	0.0	0.0
NC_001640.1	5p	+	14	428.0	331.0	197.0	364.0	1320.0	1.0	23.0	2.0	1.0	0.0	0.0	0.0	0.0	0.0	2.0	0.0	0.00.0	0.0	0.0	0.0	0.0	0.0	0.0	0.0	0.0
NC_001640.1	5p	+	15	419.0	370.0	175.0	356.0	1320.0	1.0	19.0	2.0	1.0	0.0	0.0	0.0	0.0	0.0	0.0	0.0	0.00.0	0.0	0.0	0.0	0.0	0.0	0.0	0.0	0.0
NC_001640.1	5p	+	16	442.0	344.0	187.0	347.0	1320.0	0.0	18.0	2.0	0.0	0.0	0.0	0.0	0.0	1.0	0.0	0.0	0.00.0	0.0	0.0	0.0	0.0	0.0	0.0	0.0	0.0
NC_001640.1	5p	+	17	428.0	357.0	191.0	344.0	1320.0	1.0	17.0	1.0	2.0	0.0	0.0	0.0	0.0	0.0	1.0	0.0	0.00.0	0.0	0.0	0.0	0.0	0.0	0.0	0.0	0.0
NC_001640.1	5p	+	18	433.0	359.0	203.0	325.0	1320.0	0.0	21.0	0.0	1.0	0.0	1.0	0.0	0.0	2.0	0.0	0.0	0.00.0	0.0	0.0	0.0	0.0	0.0	0.0	0.0	0.0
NC_001640.1	5p	+	19	427.0	365.0	200.0	328.0	1320.0	0.0	13.0	0.0	3.0	0.0	1.0	0.0	0.0	0.0	0.0	0.0	1.00.0	0.0	0.0	0.0	0.0	0.0	0.0	0.0	0.0
NC_001640.1	5p	+	20	384.0	368.0	196.0	372.0	1320.0	0.0	17.0	0.0	3.0	0.0	1.0	0.0	0.0	0.0	0.0	1.0	0.00.0	0.0	0.0	0.0	0.0	0.0	0.0	0.0	0.0
NC_001640.1	5p	+	21	431.0	360.0	199.0	330.0	1320.0	2.0	23.0	1.0	1.0	0.0	2.0	0.0	0.0	0.0	0.0	0.0	0.00.0	0.0	0.0	0.0	0.0	0.0	0.0	0.0	0.0
NC_001640.1	5p	+	22	402.0	370.0	190.0	358.0	1320.0	0.0	20.0	4.0	3.0	0.0	1.0	0.0	0.0	0.0	0.0	0.0	0.00.0	0.0	0.0	0.0	0.0	0.0	0.0	0.0	0.0
NC_001640.1	5p	+	23	439.0	349.0	179.0	353.0	1320.0	0.0	19.0	6.0	2.0	0.0	0.0	0.0	0.0	0.0	0.0	0.0	0.00.0	0.0	0.0	0.0	0.0	0.0	0.0	0.0	0.0
NC_001640.1	5p	+	24	438.0	359.0	201.0	322.0	1320.0	1.0	21.0	1.0	3.0	0.0	2.0	0.0	0.0	0.0	0.0	0.0	0.00.0	0.0	0.0	0.0	0.0	0.0	0.0	0.0	0.0
NC_001640.1	5p	+	25	439.0	380.0	165.0	336.0	1320.0	0.0	27.0	0.0	0.0	0.0	0.0	0.0	0.0	0.0	0.0	0.0	0.00.0	0.0	0.0	0.0	0.0	0.0	0.0	0.0	0.0
NC_001640.1	5p	+	26	426.0	360.0	192.0	342.0	1320.0	1.0	24.0	1.0	2.0	0.0	0.0	0.0	0.0	0.0	0.0	0.0	0.00.0	0.0	0.0	0.0	0.0	0.0	0.0	0.0	0.0
NC_001640.1	5p	+	27	433.0	349.0	170.0	368.0	1320.0	2.0	39.0	0.0	0.0	0.0	0.0	0.0	0.0	0.0	0.0	0.0	0.00.0	0.0	0.0	0.0	0.0	0.0	0.0	0.0	0.0
NC_001640.1	5p	+	28	487.0	310.0	175.0	347.0	1319.0	1.0	40.0	0.0	0.0	0.0	0.0	0.0	0.0	0.0	1.0	0.0	0.00.0	0.0	0.0	0.0	0.0	0.0	1.0	0.0	0.0
NC_001640.1	5p	+	29	439.0	322.0	190.0	369.0	1320.0	2.0	81.0	0.0	3.0	0.0	1.0	0.0	0.0	0.0	0.0	0.0	0.00.0	0.0	0.0	0.0	0.0	0.0	0.0	0.0	0.0
NC_001640.1	5p	+	30	426.0	338.0	175.0	381.0	1320.0	0.0	122.0	3.0	1.0	0.0	0.0	0.0	2.0	0.0	0.0	0.0	0.00.0	0.0	0.0	0.0	0.0	0.0	0.0	0.0	0.0
NC_001640.1	5p	+	31	339.0	257.0	146.0	289.0	1031.0	0.0	76.0	0.0	1.0	0.0	0.0	0.0	0.0	0.0	0.0	0.0	0.00.0	0.0	0.0	0.0	0.0	0.0	0.0	0.0	0.0
NC_001640.1	5p	+	32	247.0	202.0	125.0	261.0	835.0	1.0	72.0	1.0	4.0	0.0	0.0	0.0	0.0	0.0	0.0	0.0	0.00.0	0.0	0.0	0.0	0.0	0.0	0.0	0.0	0.0
NC_001640.1	5p	+	33	222.0	138.0	98.0	195.0	653.0	1.0	51.0	0.0	1.0	0.0	1.0	0.0	0.0	0.0	1.0	0.0	0.00.0	0.0	0.0	0.0	0.0	0.0	0.0	0.0	0.0
NC_001640.1	5p	+	34	187.0	118.0	70.0	142.0	517.0	1.0	39.0	0.0	1.0	0.0	1.0	0.0	0.0	0.0	0.0	0.0	0.00.0	0.0	0.0	0.0	0.0	0.0	0.0	0.0	0.0
NC_001640.1	5p	+	35	124.0	98.0	52.0	135.0	409.0	0.0	30.0	0.0	0.0	0.0	0.0	0.0	0.0	0.0	0.0	0.0	0.00.0	0.0	0.0	0.0	0.0	0.0	0.0	0.0	0.0
NC_001640.1	5p	+	36	98.0	75.0	53.0	104.0	330.0	0.0	24.0	0.0	1.0	0.0	0.0	0.0	0.0	0.0	0.0	0.0	0.00.0	0.0	0.0	0.0	0.0	0.0	0.0	0.0	0.0
NC_001640.1	5p	+	37	82.0	45.0	35.0	89.0	251.0	0.0	16.0	0.0	0.0	0.0	0.0	0.0	0.0	0.0	0.0	0.0	0.00.0	0.0	0.0	0.0	0.0	0.0	0.0	0.0	0.0
NC_001640.1	5p	+	38	73.0	45.0	32.0	55.0	205.0	0.0	14.0	0.0	0.0	0.0	0.0	0.0	0.0	0.0	0.0	0.0	0.00.0	0.0	0.0	0.0	0.0	0.0	0.0	0.0	0.0
NC_001640.1	5p	+	39	49.0	37.0	27.0	39.0	152.0	0.0	11.0	0.0	0.0	0.0	0.0	0.0	0.0	0.0	0.0	0.0	0.00.0	0.0	0.0	0.0	0.0	0.0	0.0	0.0	0.0
NC_001640.1	5p	+	40	43.0	29.0	18.0	40.0	130.0	0.0	8.0	0.0	0.0	0.0	0.0	0.0	0.0	0.0	0.0	0.0	0.00.0	0.0	0.0	0.0	0.0	0.0	0.0	0.0	0.0
NC_001640.1	5p	+	41	31.0	18.0	20.0	31.0	100.0	1.0	7.0	1.0	0.0	0.0	0.0	0.0	0.0	0.0	0.0	0.0	0.00.0	0.0	0.0	0.0	0.0	0.0	0.0	0.0	0.0
NC_001640.1	5p	+	42	32.0	21.0	9.0	25.0	87.0	0.0	10.0	0.0	0.0	0.0	0.0	0.0	0.0	0.0	0.0	0.0	0.00.0	0.0	0.0	0.0	0.0	0.0	0.0	0.0	0.0
NC_001640.1	5p	+	43	21.0	10.0	10.0	25.0	66.0	0.0	3.0	1.0	0.0	0.0	0.0	0.0	0.0	0.0	0.0	0.0	0.00.0	0.0	0.0	0.0	0.0	0.0	0.0	0.0	0.0
NC_001640.1	5p	+	44	18.0	9.0	11.0	10.0	48.0	0.0	0.0	0.0	0.0	0.0	0.0	0.0	0.0	0.0	0.0	0.0	0.00.0	0.0	0.0	0.0	0.0	0.0	0.0	0.0	0.0
NC_001640.1	5p	+	45	18.0	7.0	6.0	5.0	36.0	0.0	3.0	0.0	0.0	0.0	0.0	0.0	0.0	0.0	0.0	0.0	0.00.0	0.0	0.0	0.0	0.0	0.0	0.0	0.0	0.0
NC_001640.1	5p	+	46	7.0	7.0	2.0	6.0	22.0	0.0	2.0	0.0	0.0	0.0	0.0	0.0	0.0	0.0	0.0	0.0	0.00.0	0.0	0.0	0.0	0.0	0.0	0.0	0.0	0.0
NC_001640.1	5p	+	47	5.0	3.0	1.0	3.0	12.0	0.0	3.0	0.0	0.0	0.0	0.0	0.0	0.0	0.0	0.0	0.0	0.00.0	0.0	0.0	0.0	0.0	0.0	0.0	0.0	0.0
NC_001640.1	5p	+	48	1.0	0.0	4.0	3.0	8.0	0.0	0.0	0.0	0.0	0.0	0.0	0.0	0.0	0.0	0.0	0.0	0.00.0	0.0	0.0	0.0	0.0	0.0	0.0	0.0	0.0
NC_001640.1	5p	+	49	0.0	0.0	1.0	1.0	2.0	0.0	0.0	0.0	0.0	0.0	0.0	0.0	0.0	0.0	0.0	0.0	0.00.0	0.0	0.0	0.0	0.0	0.0	0.0	0.0	0.0
NC_001640.1	5p	+	50	0.0	0.0	0.0	0.0	0.0	0.0	0.0	0.0	0.0	0.0	0.0	0.0	0.0	0.0	0.0	0.0	0.00.0	0.0	0.0	0.0	0.0	0.0	0.0	0.0	0.0
NC_001640.1	5p	+	51	0.0	0.0	0.0	0.0	0.0	0.0	0.0	0.0	0.0	0.0	0.0	0.0	0.0	0.0	0.0	0.0	0.00.0	0.0	0.0	0.0	0.0	0.0	0.0	0.0	0.0
NC_001640.1	5p	+	52	0.0	0.0	0.0	0.0	0.0	0.0	0.0	0.0	0.0	0.0	0.0	0.0	0.0	0.0	0.0	0.0	0.00.0	0.0	0.0	0.0	0.0	0.0	0.0	0.0	0.0
NC_001640.1	5p	+	53	0.0	0.0	0.0	0.0	0.0	0.0	0.0	0.0	0.0	0.0	0.0	0.0	0.0	0.0	0.0	0.0	0.00.0	0.0	0.0	0.0	0.0	0.0	0.0	0.0	0.0
NC_001640.1	5p	+	54	0.0	0.0	0.0	0.0	0.0	0.0	0.0	0.0	0.0	0.0	0.0	0.0	0.0	0.0	0.0	0.0	0.00.0	0.0	0.0	0.0	0.0	0.0	0.0	0.0	0.0
NC_001640.1	5p	+	55	0.0	0.0	0.0	0.0	0.0	0.0	0.0	0.0	0.0	0.0	0.0	0.0	0.0	0.0	0.0	0.0	0.00.0	0.0	0.0	0.0	0.0	0.0	0.0	0.0	0.0
NC_001640.1	5p	+	56	0.0	0.0	0.0	0.0	0.0	0.0	0.0	0.0	0.0	0.0	0.0	0.0	0.0	0.0	0.0	0.0	0.00.0	0.0	0.0	0.0	0.0	0.0	0.0	0.0	0.0
NC_001640.1	5p	+	57	0.0	0.0	0.0	0.0	0.0	0.0	0.0	0.0	0.0	0.0	0.0	0.0	0.0	0.0	0.0	0.0	0.00.0	0.0	0.0	0.0	0.0	0.0	0.0	0.0	0.0
NC_001640.1	5p	+	58	0.0	0.0	0.0	0.0	0.0	0.0	0.0	0.0	0.0	0.0	0.0	0.0	0.0	0.0	0.0	0.0	0.00.0	0.0	0.0	0.0	0.0	0.0	0.0	0.0	0.0
NC_001640.1	5p	+	59	0.0	0.0	0.0	0.0	0.0	0.0	0.0	0.0	0.0	0.0	0.0	0.0	0.0	0.0	0.0	0.0	0.00.0	0.0	0.0	0.0	0.0	0.0	0.0	0.0	0.0
NC_001640.1	5p	+	60	0.0	0.0	0.0	0.0	0.0	0.0	0.0	0.0	0.0	0.0	0.0	0.0	0.0	0.0	0.0	0.0	0.00.0	0.0	0.0	0.0	0.0	0.0	0.0	0.0	0.0
NC_001640.1	5p	+	61	0.0	0.0	0.0	0.0	0.0	0.0	0.0	0.0	0.0	0.0	0.0	0.0	0.0	0.0	0.0	0.0	0.00.0	0.0	0.0	0.0	0.0	0.0	0.0	0.0	0.0
NC_001640.1	5p	+	62	0.0	0.0	0.0	0.0	0.0	0.0	0.0	0.0	0.0	0.0	0.0	0.0	0.0	0.0	0.0	0.0	0.00.0	0.0	0.0	0.0	0.0	0.0	0.0	0.0	0.0
NC_001640.1	5p	+	63	0.0	0.0	0.0	0.0	0.0	0.0	0.0	0.0	0.0	0.0	0.0	0.0	0.0	0.0	0.0	0.0	0.00.0	0.0	0.0	0.0	0.0	0.0	0.0	0.0	0.0
NC_001640.1	5p	+	64	0.0	0.0	0.0	0.0	0.0	0.0	0.0	0.0	0.0	0.0	0.0	0.0	0.0	0.0	0.0	0.0	0.00.0	0.0	0.0	0.0	0.0	0.0	0.0	0.0	0.0
NC_001640.1	5p	+	65	0.0	0.0	0.0	0.0	0.0	0.0	0.0	0.0	0.0	0.0	0.0	0.0	0.0	0.0	0.0	0.0	0.00.0	0.0	0.0	0.0	0.0	0.0	0.0	0.0	0.0
NC_001640.1	5p	+	66	0.0	0.0	0.0	0.0	0.0	0.0	0.0	0.0	0.0	0.0	0.0	0.0	0.0	0.0	0.0	0.0	0.00.0	0.0	0.0	0.0	0.0	0.0	0.0	0.0	0.0
NC_001640.1	5p	+	67	0.0	0.0	0.0	0.0	0.0	0.0	0.0	0.0	0.0	0.0	0.0	0.0	0.0	0.0	0.0	0.0	0.00.0	0.0	0.0	0.0	0.0	0.0	0.0	0.0	0.0
NC_001640.1	5p	+	68	0.0	0.0	0.0	0.0	0.0	0.0	0.0	0.0	0.0	0.0	0.0	0.0	0.0	0.0	0.0	0.0	0.00.0	0.0	0.0	0.0	0.0	0.0	0.0	0.0	0.0
NC_001640.1	5p	+	69	0.0	0.0	0.0	0.0	0.0	0.0	0.0	0.0	0.0	0.0	0.0	0.0	0.0	0.0	0.0	0.0	0.00.0	0.0	0.0	0.0	0.0	0.0	0.0	0.0	0.0
NC_001640.1	5p	+	70	0.0	0.0	0.0	0.0	0.0	0.0	0.0	0.0	0.0	0.0	0.0	0.0	0.0	0.0	0.0	0.0	0.00.0	0.0	0.0	0.0	0.0	0.0	0.0	0.0	0.0
NC_001640.1	5p	+	71	0.0	0.0	0.0	0.0	0.0	0.0	0.0	0.0	0.0	0.0	0.0	0.0	0.0	0.0	0.0	0.0	0.00.0	0.0	0.0	0.0	0.0	0.0	0.0	0.0	0.0
NC_001640.1	5p	+	72	0.0	0.0	0.0	0.0	0.0	0.0	0.0	0.0	0.0	0.0	0.0	0.0	0.0	0.0	0.0	0.0	0.00.0	0.0	0.0	0.0	0.0	0.0	0.0	0.0	0.0
NC_001640.1	5p	+	73	0.0	0.0	0.0	0.0	0.0	0.0	0.0	0.0	0.0	0.0	0.0	0.0	0.0	0.0	0.0	0.0	0.00.0	0.0	0.0	0.0	0.0	0.0	0.0	0.0	0.0
NC_001640.1	5p	+	74	0.0	0.0	0.0	0.0	0.0	0.0	0.0	0.0	0.0	0.0	0.0	0.0	0.0	0.0	0.0	0.0	0.00.0	0.0	0.0	0.0	0.0	0.0	0.0	0.0	0.0
NC_001640.1	5p	+	75	0.0	0.0	0.0	0.0	0.0	0.0	0.0	0.0	0.0	0.0	0.0	0.0	0.0	0.0	0.0	0.0	0.00.0	0.0	0.0	0.0	0.0	0.0	0.0	0.0	0.0
NC_001640.1	5p	+	76	0.0	0.0	0.0	0.0	0.0	0.0	0.0	0.0	0.0	0.0	0.0	0.0	0.0	0.0	0.0	0.0	0.00.0	0.0	0.0	0.0	0.0	0.0	0.0	0.0	0.0
NC_001640.1	5p	+	77	0.0	0.0	0.0	0.0	0.0	0.0	0.0	0.0	0.0	0.0	0.0	0.0	0.0	0.0	0.0	0.0	0.00.0	0.0	0.0	0.0	0.0	0.0	0.0	0.0	0.0
NC_001640.1	5p	+	78	0.0	0.0	0.0	0.0	0.0	0.0	0.0	0.0	0.0	0.0	0.0	0.0	0.0	0.0	0.0	0.0	0.00.0	0.0	0.0	0.0	0.0	0.0	0.0	0.0	0.0
NC_001640.1	5p	+	79	0.0	0.0	0.0	0.0	0.0	0.0	0.0	0.0	0.0	0.0	0.0	0.0	0.0	0.0	0.0	0.0	0.00.0	0.0	0.0	0.0	0.0	0.0	0.0	0.0	0.0
NC_001640.1	5p	+	80	0.0	0.0	0.0	0.0	0.0	0.0	0.0	0.0	0.0	0.0	0.0	0.0	0.0	0.0	0.0	0.0	0.00.0	0.0	0.0	0.0	0.0	0.0	0.0	0.0	0.0
NC_001640.1	5p	+	81	0.0	0.0	0.0	0.0	0.0	0.0	0.0	0.0	0.0	0.0	0.0	0.0	0.0	0.0	0.0	0.0	0.00.0	0.0	0.0	0.0	0.0	0.0	0.0	0.0	0.0
NC_001640.1	5p	+	82	0.0	0.0	0.0	0.0	0.0	0.0	0.0	0.0	0.0	0.0	0.0	0.0	0.0	0.0	0.0	0.0	0.00.0	0.0	0.0	0.0	0.0	0.0	0.0	0.0	0.0
NC_001640.1	5p	+	83	0.0	0.0	0.0	0.0	0.0	0.0	0.0	0.0	0.0	0.0	0.0	0.0	0.0	0.0	0.0	0.0	0.00.0	0.0	0.0	0.0	0.0	0.0	0.0	0.0	0.0
NC_001640.1	5p	+	84	0.0	0.0	0.0	0.0	0.0	0.0	0.0	0.0	0.0	0.0	0.0	0.0	0.0	0.0	0.0	0.0	0.00.0	0.0	0.0	0.0	0.0	0.0	0.0	0.0	0.0
NC_001640.1	5p	+	85	0.0	0.0	0.0	0.0	0.0	0.0	0.0	0.0	0.0	0.0	0.0	0.0	0.0	0.0	0.0	0.0	0.00.0	0.0	0.0	0.0	0.0	0.0	0.0	0.0	0.0
NC_001640.1	5p	+	86	0.0	0.0	0.0	0.0	0.0	0.0	0.0	0.0	0.0	0.0	0.0	0.0	0.0	0.0	0.0	0.0	0.00.0	0.0	0.0	0.0	0.0	0.0	0.0	0.0	0.0
NC_001640.1	5p	+	87	0.0	0.0	0.0	0.0	0.0	0.0	0.0	0.0	0.0	0.0	0.0	0.0	0.0	0.0	0.0	0.0	0.00.0	0.0	0.0	0.0	0.0	0.0	0.0	0.0	0.0
NC_001640.1	5p	+	88	0.0	0.0	0.0	0.0	0.0	0.0	0.0	0.0	0.0	0.0	0.0	0.0	0.0	0.0	0.0	0.0	0.00.0	0.0	0.0	0.0	0.0	0.0	0.0	0.0	0.0
NC_001640.1	5p	+	89	0.0	0.0	0.0	0.0	0.0	0.0	0.0	0.0	0.0	0.0	0.0	0.0	0.0	0.0	0.0	0.0	0.00.0	0.0	0.0	0.0	0.0	0.0	0.0	0.0	0.0
NC_001640.1	5p	+	90	0.0	0.0	0.0	0.0	0.0	0.0	0.0	0.0	0.0	0.0	0.0	0.0	0.0	0.0	0.0	0.0	0.00.0	0.0	0.0	0.0	0.0	0.0	0.0	0.0	0.0
NC_001640.1	5p	+	91	0.0	0.0	0.0	0.0	0.0	0.0	0.0	0.0	0.0	0.0	0.0	0.0	0.0	0.0	0.0	0.0	0.00.0	0.0	0.0	0.0	0.0	0.0	0.0	0.0	0.0
NC_001640.1	5p	+	92	0.0	0.0	0.0	0.0	0.0	0.0	0.0	0.0	0.0	0.0	0.0	0.0	0.0	0.0	0.0	0.0	0.00.0	0.0	0.0	0.0	0.0	0.0	0.0	0.0	0.0
NC_001640.1	5p	+	93	0.0	0.0	0.0	0.0	0.0	0.0	0.0	0.0	0.0	0.0	0.0	0.0	0.0	0.0	0.0	0.0	0.00.0	0.0	0.0	0.0	0.0	0.0	0.0	0.0	0.0
NC_001640.1	5p	+	94	0.0	0.0	0.0	0.0	0.0	0.0	0.0	0.0	0.0	0.0	0.0	0.0	0.0	0.0	0.0	0.0	0.00.0	0.0	0.0	0.0	0.0	0.0	0.0	0.0	0.0
NC_001640.1	5p	+	95	0.0	0.0	0.0	0.0	0.0	0.0	0.0	0.0	0.0	0.0	0.0	0.0	0.0	0.0	0.0	0.0	0.00.0	0.0	0.0	0.0	0.0	0.0	0.0	0.0	0.0
NC_001640.1	5p	+	96	0.0	0.0	0.0	0.0	0.0	0.0	0.0	0.0	0.0	0.0	0.0	0.0	0.0	0.0	0.0	0.0	0.00.0	0.0	0.0	0.0	0.0	0.0	0.0	0.0	0.0
NC_001640.1	5p	+	97	0.0	0.0	0.0	0.0	0.0	0.0	0.0	0.0	0.0	0.0	0.0	0.0	0.0	0.0	0.0	0.0	0.00.0	0.0	0.0	0.0	0.0	0.0	0.0	0.0	0.0
NC_001640.1	5p	+	98	0.0	0.0	0.0	0.0	0.0	0.0	0.0	0.0	0.0	0.0	0.0	0.0	0.0	0.0	0.0	0.0	0.00.0	0.0	0.0	0.0	0.0	0.0	0.0	0.0	0.0
NC_001640.1	5p	+	99	0.0	0.0	0.0	0.0	0.0	0.0	0.0	0.0	0.0	0.0	0.0	0.0	0.0	0.0	0.0	0.0	0.00.0	0.0	0.0	0.0	0.0	0.0	0.0	0.0	0.0
NC_001640.1	5p	+	100	0.0	0.0	0.0	0.0	0.0	0.0	0.0	0.0	0.0	0.0	0.0	0.0	0.0	0.0	0.0	0.0	0.00.0	0.0	0.0	0.0	0.0	0.0	0.0	0.0	0.0
NC_001640.1	5p	-	1	642.0	223.0	704.0	786.0	2355.0	2.0	149.0	8.0	1.0	1.0	1.0	0.0	0.0	0.0	1.0	0.0	0.00.0	0.0	0.0	0.0	0.0	0.0	0.0	0.0	0.0
NC_001640.1	5p	-	2	638.0	263.0	703.0	751.0	2355.0	6.0	139.0	7.0	3.0	0.0	0.0	0.0	0.0	1.0	2.0	0.0	0.00.0	0.0	0.0	0.0	0.0	0.0	0.0	0.0	0.0
NC_001640.1	5p	-	3	623.0	263.0	682.0	787.0	2355.0	6.0	108.0	4.0	2.0	1.0	1.0	0.0	0.0	1.0	1.0	1.0	0.00.0	0.0	0.0	0.0	0.0	0.0	0.0	0.0	0.0
NC_001640.1	5p	-	4	621.0	257.0	695.0	782.0	2355.0	2.0	91.0	5.0	2.0	1.0	1.0	0.0	1.0	1.0	3.0	0.0	0.00.0	0.0	0.0	0.0	0.0	0.0	0.0	0.0	0.0
NC_001640.1	5p	-	5	608.0	303.0	703.0	741.0	2355.0	1.0	79.0	4.0	4.0	0.0	1.0	0.0	0.0	2.0	2.0	0.0	0.00.0	0.0	0.0	0.0	0.0	0.0	0.0	0.0	0.0
NC_001640.1	5p	-	6	619.0	275.0	695.0	766.0	2355.0	5.0	69.0	7.0	5.0	1.0	1.0	0.0	0.0	0.0	4.0	2.0	0.00.0	0.0	0.0	0.0	0.0	0.0	0.0	0.0	0.0
NC_001640.1	5p	-	7	606.0	264.0	683.0	802.0	2355.0	4.0	55.0	3.0	1.0	1.0	0.0	0.0	0.0	0.0	1.0	0.0	0.00.0	0.0	0.0	0.0	0.0	0.0	0.0	0.0	0.0
NC_001640.1	5p	-	8	607.0	298.0	656.0	794.0	2355.0	3.0	53.0	5.0	3.0	1.0	0.0	0.0	0.0	0.0	2.0	0.0	0.00.0	0.0	0.0	0.0	0.0	0.0	0.0	0.0	0.0
NC_001640.1	5p	-	9	619.0	296.0	687.0	753.0	2355.0	2.0	37.0	3.0	1.0	0.0	1.0	0.0	0.0	0.0	0.0	0.0	0.00.0	0.0	0.0	0.0	0.0	0.0	0.0	0.0	0.0
NC_001640.1	5p	-	10	623.0	269.0	669.0	794.0	2355.0	3.0	34.0	6.0	1.0	0.0	2.0	0.0	0.0	1.0	0.0	0.0	0.00.0	0.0	0.0	0.0	0.0	0.0	0.0	0.0	0.0
NC_001640.1	5p	-	11	623.0	275.0	661.0	796.0	2355.0	4.0	26.0	6.0	3.0	0.0	1.0	0.0	0.0	1.0	2.0	0.0	1.00.0	0.0	0.0	0.0	0.0	0.0	0.0	0.0	0.0
NC_001640.1	5p	-	12	595.0	308.0	681.0	771.0	2355.0	4.0	38.0	7.0	3.0	0.0	0.0	0.0	1.0	0.0	0.0	0.0	1.00.0	0.0	0.0	0.0	0.0	0.0	0.0	0.0	0.0
NC_001640.1	5p	-	13	622.0	277.0	670.0	786.0	2355.0	6.0	18.0	4.0	4.0	0.0	0.0	0.0	0.0	0.0	0.0	0.0	1.00.0	0.0	0.0	0.0	0.0	0.0	0.0	0.0	0.0
NC_001640.1	5p	-	14	595.0	309.0	678.0	773.0	2355.0	1.0	23.0	9.0	3.0	0.0	1.0	0.0	0.0	0.0	0.0	0.0	0.00.0	0.0	0.0	0.0	0.0	0.0	0.0	0.0	0.0
NC_001640.1	5p	-	15	620.0	329.0	654.0	752.0	2355.0	0.0	34.0	5.0	4.0	0.0	1.0	0.0	0.0	0.0	2.0	0.0	0.00.0	0.0	0.0	0.0	0.0	0.0	0.0	0.0	0.0
NC_001640.1	5p	-	16	653.0	295.0	659.0	748.0	2355.0	3.0	17.0	9.0	3.0	0.0	0.0	0.0	0.0	1.0	3.0	0.0	0.00.0	0.0	0.0	0.0	0.0	0.0	0.0	0.0	0.0
NC_001640.1	5p	-	17	601.0	281.0	723.0	750.0	2355.0	4.0	24.0	5.0	6.0	0.0	1.0	0.0	0.0	0.0	0.0	0.0	0.00.0	0.0	0.0	0.0	0.0	0.0	0.0	0.0	0.0
NC_001640.1	5p	-	18	644.0	286.0	653.0	772.0	2355.0	2.0	27.0	3.0	3.0	0.0	0.0	0.0	0.0	1.0	1.0	1.0	0.00.0	0.0	0.0	0.0	0.0	0.0	0.0	0.0	0.0
NC_001640.1	5p	-	19	616.0	301.0	649.0	789.0	2355.0	3.0	22.0	3.0	3.0	0.0	0.0	0.0	1.0	0.0	0.0	0.0	0.00.0	0.0	0.0	0.0	0.0	0.0	0.0	0.0	0.0
NC_001640.1	5p	-	20	618.0	298.0	711.0	727.0	2354.0	4.0	17.0	10.0	4.0	0.0	0.0	0.0	0.0	3.0	1.0	0.0	0.00.0	0.0	0.0	0.0	0.0	0.0	0.0	1.0	0.0
NC_001640.1	5p	-	21	631.0	272.0	673.0	779.0	2355.0	3.0	24.0	4.0	5.0	0.0	1.0	0.0	0.0	0.0	0.0	0.0	2.00.0	0.0	0.0	0.0	0.0	0.0	0.0	0.0	0.0
NC_001640.1	5p	-	22	623.0	275.0	705.0	752.0	2355.0	7.0	15.0	8.0	3.0	0.0	0.0	1.0	0.0	0.0	0.0	0.0	0.00.0	0.0	0.0	0.0	0.0	0.0	0.0	0.0	0.0
NC_001640.1	5p	-	23	630.0	293.0	669.0	763.0	2355.0	3.0	22.0	0.0	1.0	0.0	1.0	0.0	0.0	0.0	0.0	2.0	0.00.0	0.0	0.0	0.0	0.0	0.0	0.0	0.0	0.0
NC_001640.1	5p	-	24	631.0	285.0	647.0	792.0	2355.0	6.0	22.0	2.0	4.0	1.0	1.0	1.0	0.0	1.0	2.0	0.0	0.00.0	0.0	0.0	0.0	0.0	0.0	0.0	0.0	0.0
NC_001640.1	5p	-	25	620.0	280.0	698.0	757.0	2355.0	4.0	32.0	5.0	1.0	0.0	0.0	1.0	0.0	0.0	1.0	0.0	1.00.0	0.0	0.0	0.0	0.0	0.0	0.0	0.0	0.0
NC_001640.1	5p	-	26	621.0	315.0	678.0	741.0	2355.0	5.0	33.0	3.0	6.0	1.0	2.0	2.0	0.0	1.0	0.0	0.0	1.00.0	0.0	0.0	0.0	0.0	0.0	0.0	0.0	0.0
NC_001640.1	5p	-	27	628.0	287.0	653.0	787.0	2355.0	5.0	41.0	12.0	4.0	0.0	1.0	2.0	0.0	0.0	2.0	0.0	0.00.0	0.0	0.0	0.0	0.0	0.0	0.0	0.0	0.0
NC_001640.1	5p	-	28	627.0	306.0	675.0	747.0	2355.0	1.0	53.0	10.0	1.0	0.0	1.0	0.0	1.0	2.0	3.0	0.0	0.00.0	0.0	0.0	0.0	0.0	0.0	0.0	0.0	0.0
NC_001640.1	5p	-	29	601.0	308.0	691.0	755.0	2355.0	2.0	85.0	8.0	2.0	0.0	2.0	0.0	1.0	1.0	0.0	0.0	0.00.0	0.0	0.0	0.0	0.0	0.0	0.0	0.0	0.0
NC_001640.1	5p	-	30	564.0	325.0	632.0	834.0	2355.0	2.0	145.0	0.0	1.0	1.0	0.0	0.0	0.0	1.0	0.0	3.0	0.00.0	0.0	0.0	0.0	0.0	0.0	0.0	0.0	0.0
NC_001640.1	5p	-	31	471.0	245.0	583.0	691.0	1990.0	1.0	93.0	4.0	1.0	0.0	2.0	0.0	0.0	1.0	0.0	0.0	2.00.0	0.0	0.0	0.0	0.0	0.0	0.0	0.0	0.0
NC_001640.1	5p	-	32	391.0	195.0	485.0	602.0	1673.0	5.0	93.0	2.0	0.0	0.0	0.0	0.0	0.0	0.0	0.0	1.0	0.00.0	0.0	0.0	0.0	0.0	0.0	0.0	0.0	0.0
NC_001640.1	5p	-	33	345.0	147.0	400.0	475.0	1367.0	3.0	63.0	4.0	0.0	0.0	0.0	0.0	0.0	1.0	0.0	0.0	0.00.0	0.0	0.0	0.0	0.0	0.0	0.0	0.0	0.0
NC_001640.1	5p	-	34	262.0	135.0	342.0	390.0	1129.0	1.0	61.0	3.0	1.0	1.0	0.0	0.0	0.0	0.0	0.0	0.0	0.00.0	0.0	0.0	0.0	0.0	0.0	0.0	0.0	0.0
NC_001640.1	5p	-	35	232.0	108.0	279.0	320.0	939.0	2.0	46.0	1.0	0.0	0.0	0.0	0.0	0.0	0.0	0.0	0.0	0.00.0	0.0	0.0	0.0	0.0	0.0	0.0	0.0	0.0
NC_001640.1	5p	-	36	187.0	83.0	224.0	282.0	776.0	1.0	27.0	0.0	1.0	1.0	0.0	0.0	0.0	0.0	1.0	0.0	0.00.0	0.0	0.0	0.0	0.0	0.0	0.0	0.0	0.0
NC_001640.1	5p	-	37	152.0	49.0	201.0	219.0	621.0	1.0	22.0	0.0	1.0	0.0	0.0	0.0	0.0	0.0	0.0	0.0	0.00.0	0.0	0.0	0.0	0.0	0.0	0.0	0.0	0.0
NC_001640.1	5p	-	38	126.0	65.0	160.0	162.0	513.0	3.0	27.0	1.0	0.0	1.0	0.0	0.0	0.0	0.0	0.0	0.0	0.00.0	0.0	0.0	0.0	0.0	0.0	0.0	0.0	0.0
NC_001640.1	5p	-	39	104.0	46.0	129.0	145.0	424.0	0.0	14.0	0.0	0.0	0.0	0.0	0.0	0.0	0.0	0.0	0.0	1.00.0	0.0	0.0	0.0	0.0	0.0	0.0	0.0	0.0
NC_001640.1	5p	-	40	94.0	33.0	100.0	118.0	345.0	0.0	14.0	0.0	0.0	0.0	0.0	0.0	0.0	0.0	0.0	0.0	0.00.0	0.0	0.0	0.0	0.0	0.0	0.0	0.0	0.0
NC_001640.1	5p	-	41	71.0	39.0	89.0	93.0	292.0	0.0	15.0	0.0	0.0	0.0	0.0	0.0	0.0	0.0	0.0	0.0	0.00.0	0.0	0.0	0.0	0.0	0.0	0.0	0.0	0.0
NC_001640.1	5p	-	42	57.0	29.0	73.0	87.0	246.0	1.0	21.0	1.0	0.0	0.0	0.0	0.0	0.0	0.0	0.0	0.0	0.00.0	0.0	0.0	0.0	0.0	0.0	0.0	0.0	0.0
NC_001640.1	5p	-	43	51.0	18.0	61.0	64.0	194.0	0.0	8.0	0.0	0.0	0.0	0.0	0.0	0.0	0.0	0.0	0.0	0.00.0	0.0	0.0	0.0	0.0	0.0	0.0	0.0	0.0
NC_001640.1	5p	-	44	36.0	13.0	39.0	58.0	146.0	0.0	7.0	0.0	0.0	0.0	0.0	0.0	0.0	0.0	0.0	0.0	0.00.0	0.0	0.0	0.0	0.0	0.0	0.0	0.0	0.0
NC_001640.1	5p	-	45	20.0	11.0	35.0	35.0	101.0	0.0	6.0	0.0	0.0	0.0	0.0	0.0	0.0	0.0	1.0	0.0	0.00.0	0.0	0.0	0.0	0.0	0.0	0.0	0.0	0.0
NC_001640.1	5p	-	46	17.0	3.0	28.0	23.0	71.0	0.0	2.0	0.0	0.0	0.0	0.0	0.0	0.0	0.0	0.0	0.0	0.00.0	0.0	0.0	0.0	0.0	0.0	0.0	0.0	0.0
NC_001640.1	5p	-	47	10.0	5.0	18.0	15.0	48.0	0.0	2.0	0.0	0.0	0.0	0.0	0.0	0.0	0.0	0.0	0.0	0.00.0	0.0	0.0	0.0	0.0	0.0	0.0	0.0	0.0
NC_001640.1	5p	-	48	5.0	3.0	10.0	9.0	27.0	0.0	3.0	0.0	0.0	0.0	0.0	0.0	0.0	0.0	0.0	0.0	0.00.0	0.0	0.0	0.0	0.0	0.0	0.0	0.0	0.0
NC_001640.1	5p	-	49	3.0	2.0	3.0	5.0	13.0	0.0	1.0	0.0	0.0	0.0	0.0	0.0	0.0	0.0	0.0	0.0	0.00.0	0.0	0.0	0.0	0.0	0.0	0.0	0.0	0.0
NC_001640.1	5p	-	50	0.0	0.0	0.0	0.0	0.0	0.0	0.0	0.0	0.0	0.0	0.0	0.0	0.0	0.0	0.0	0.0	0.00.0	0.0	0.0	0.0	0.0	0.0	0.0	0.0	0.0
NC_001640.1	5p	-	51	0.0	0.0	0.0	0.0	0.0	0.0	0.0	0.0	0.0	0.0	0.0	0.0	0.0	0.0	0.0	0.0	0.00.0	0.0	0.0	0.0	0.0	0.0	0.0	0.0	0.0
NC_001640.1	5p	-	52	0.0	0.0	0.0	0.0	0.0	0.0	0.0	0.0	0.0	0.0	0.0	0.0	0.0	0.0	0.0	0.0	0.00.0	0.0	0.0	0.0	0.0	0.0	0.0	0.0	0.0
NC_001640.1	5p	-	53	0.0	0.0	0.0	0.0	0.0	0.0	0.0	0.0	0.0	0.0	0.0	0.0	0.0	0.0	0.0	0.0	0.00.0	0.0	0.0	0.0	0.0	0.0	0.0	0.0	0.0
NC_001640.1	5p	-	54	0.0	0.0	0.0	0.0	0.0	0.0	0.0	0.0	0.0	0.0	0.0	0.0	0.0	0.0	0.0	0.0	0.00.0	0.0	0.0	0.0	0.0	0.0	0.0	0.0	0.0
NC_001640.1	5p	-	55	0.0	0.0	0.0	0.0	0.0	0.0	0.0	0.0	0.0	0.0	0.0	0.0	0.0	0.0	0.0	0.0	0.00.0	0.0	0.0	0.0	0.0	0.0	0.0	0.0	0.0
NC_001640.1	5p	-	56	0.0	0.0	0.0	0.0	0.0	0.0	0.0	0.0	0.0	0.0	0.0	0.0	0.0	0.0	0.0	0.0	0.00.0	0.0	0.0	0.0	0.0	0.0	0.0	0.0	0.0
NC_001640.1	5p	-	57	0.0	0.0	0.0	0.0	0.0	0.0	0.0	0.0	0.0	0.0	0.0	0.0	0.0	0.0	0.0	0.0	0.00.0	0.0	0.0	0.0	0.0	0.0	0.0	0.0	0.0
NC_001640.1	5p	-	58	0.0	0.0	0.0	0.0	0.0	0.0	0.0	0.0	0.0	0.0	0.0	0.0	0.0	0.0	0.0	0.0	0.00.0	0.0	0.0	0.0	0.0	0.0	0.0	0.0	0.0
NC_001640.1	5p	-	59	0.0	0.0	0.0	0.0	0.0	0.0	0.0	0.0	0.0	0.0	0.0	0.0	0.0	0.0	0.0	0.0	0.00.0	0.0	0.0	0.0	0.0	0.0	0.0	0.0	0.0
NC_001640.1	5p	-	60	0.0	0.0	0.0	0.0	0.0	0.0	0.0	0.0	0.0	0.0	0.0	0.0	0.0	0.0	0.0	0.0	0.00.0	0.0	0.0	0.0	0.0	0.0	0.0	0.0	0.0
NC_001640.1	5p	-	61	0.0	0.0	0.0	0.0	0.0	0.0	0.0	0.0	0.0	0.0	0.0	0.0	0.0	0.0	0.0	0.0	0.00.0	0.0	0.0	0.0	0.0	0.0	0.0	0.0	0.0
NC_001640.1	5p	-	62	0.0	0.0	0.0	0.0	0.0	0.0	0.0	0.0	0.0	0.0	0.0	0.0	0.0	0.0	0.0	0.0	0.00.0	0.0	0.0	0.0	0.0	0.0	0.0	0.0	0.0
NC_001640.1	5p	-	63	0.0	0.0	0.0	0.0	0.0	0.0	0.0	0.0	0.0	0.0	0.0	0.0	0.0	0.0	0.0	0.0	0.00.0	0.0	0.0	0.0	0.0	0.0	0.0	0.0	0.0
NC_001640.1	5p	-	64	0.0	0.0	0.0	0.0	0.0	0.0	0.0	0.0	0.0	0.0	0.0	0.0	0.0	0.0	0.0	0.0	0.00.0	0.0	0.0	0.0	0.0	0.0	0.0	0.0	0.0
NC_001640.1	5p	-	65	0.0	0.0	0.0	0.0	0.0	0.0	0.0	0.0	0.0	0.0	0.0	0.0	0.0	0.0	0.0	0.0	0.00.0	0.0	0.0	0.0	0.0	0.0	0.0	0.0	0.0
NC_001640.1	5p	-	66	0.0	0.0	0.0	0.0	0.0	0.0	0.0	0.0	0.0	0.0	0.0	0.0	0.0	0.0	0.0	0.0	0.00.0	0.0	0.0	0.0	0.0	0.0	0.0	0.0	0.0
NC_001640.1	5p	-	67	0.0	0.0	0.0	0.0	0.0	0.0	0.0	0.0	0.0	0.0	0.0	0.0	0.0	0.0	0.0	0.0	0.00.0	0.0	0.0	0.0	0.0	0.0	0.0	0.0	0.0
NC_001640.1	5p	-	68	0.0	0.0	0.0	0.0	0.0	0.0	0.0	0.0	0.0	0.0	0.0	0.0	0.0	0.0	0.0	0.0	0.00.0	0.0	0.0	0.0	0.0	0.0	0.0	0.0	0.0
NC_001640.1	5p	-	69	0.0	0.0	0.0	0.0	0.0	0.0	0.0	0.0	0.0	0.0	0.0	0.0	0.0	0.0	0.0	0.0	0.00.0	0.0	0.0	0.0	0.0	0.0	0.0	0.0	0.0
NC_001640.1	5p	-	70	0.0	0.0	0.0	0.0	0.0	0.0	0.0	0.0	0.0	0.0	0.0	0.0	0.0	0.0	0.0	0.0	0.00.0	0.0	0.0	0.0	0.0	0.0	0.0	0.0	0.0
NC_001640.1	5p	-	71	0.0	0.0	0.0	0.0	0.0	0.0	0.0	0.0	0.0	0.0	0.0	0.0	0.0	0.0	0.0	0.0	0.00.0	0.0	0.0	0.0	0.0	0.0	0.0	0.0	0.0
NC_001640.1	5p	-	72	0.0	0.0	0.0	0.0	0.0	0.0	0.0	0.0	0.0	0.0	0.0	0.0	0.0	0.0	0.0	0.0	0.00.0	0.0	0.0	0.0	0.0	0.0	0.0	0.0	0.0
NC_001640.1	5p	-	73	0.0	0.0	0.0	0.0	0.0	0.0	0.0	0.0	0.0	0.0	0.0	0.0	0.0	0.0	0.0	0.0	0.00.0	0.0	0.0	0.0	0.0	0.0	0.0	0.0	0.0
NC_001640.1	5p	-	74	0.0	0.0	0.0	0.0	0.0	0.0	0.0	0.0	0.0	0.0	0.0	0.0	0.0	0.0	0.0	0.0	0.00.0	0.0	0.0	0.0	0.0	0.0	0.0	0.0	0.0
NC_001640.1	5p	-	75	0.0	0.0	0.0	0.0	0.0	0.0	0.0	0.0	0.0	0.0	0.0	0.0	0.0	0.0	0.0	0.0	0.00.0	0.0	0.0	0.0	0.0	0.0	0.0	0.0	0.0
NC_001640.1	5p	-	76	0.0	0.0	0.0	0.0	0.0	0.0	0.0	0.0	0.0	0.0	0.0	0.0	0.0	0.0	0.0	0.0	0.00.0	0.0	0.0	0.0	0.0	0.0	0.0	0.0	0.0
NC_001640.1	5p	-	77	0.0	0.0	0.0	0.0	0.0	0.0	0.0	0.0	0.0	0.0	0.0	0.0	0.0	0.0	0.0	0.0	0.00.0	0.0	0.0	0.0	0.0	0.0	0.0	0.0	0.0
NC_001640.1	5p	-	78	0.0	0.0	0.0	0.0	0.0	0.0	0.0	0.0	0.0	0.0	0.0	0.0	0.0	0.0	0.0	0.0	0.00.0	0.0	0.0	0.0	0.0	0.0	0.0	0.0	0.0
NC_001640.1	5p	-	79	0.0	0.0	0.0	0.0	0.0	0.0	0.0	0.0	0.0	0.0	0.0	0.0	0.0	0.0	0.0	0.0	0.00.0	0.0	0.0	0.0	0.0	0.0	0.0	0.0	0.0
NC_001640.1	5p	-	80	0.0	0.0	0.0	0.0	0.0	0.0	0.0	0.0	0.0	0.0	0.0	0.0	0.0	0.0	0.0	0.0	0.00.0	0.0	0.0	0.0	0.0	0.0	0.0	0.0	0.0
NC_001640.1	5p	-	81	0.0	0.0	0.0	0.0	0.0	0.0	0.0	0.0	0.0	0.0	0.0	0.0	0.0	0.0	0.0	0.0	0.00.0	0.0	0.0	0.0	0.0	0.0	0.0	0.0	0.0
NC_001640.1	5p	-	82	0.0	0.0	0.0	0.0	0.0	0.0	0.0	0.0	0.0	0.0	0.0	0.0	0.0	0.0	0.0	0.0	0.00.0	0.0	0.0	0.0	0.0	0.0	0.0	0.0	0.0
NC_001640.1	5p	-	83	0.0	0.0	0.0	0.0	0.0	0.0	0.0	0.0	0.0	0.0	0.0	0.0	0.0	0.0	0.0	0.0	0.00.0	0.0	0.0	0.0	0.0	0.0	0.0	0.0	0.0
NC_001640.1	5p	-	84	0.0	0.0	0.0	0.0	0.0	0.0	0.0	0.0	0.0	0.0	0.0	0.0	0.0	0.0	0.0	0.0	0.00.0	0.0	0.0	0.0	0.0	0.0	0.0	0.0	0.0
NC_001640.1	5p	-	85	0.0	0.0	0.0	0.0	0.0	0.0	0.0	0.0	0.0	0.0	0.0	0.0	0.0	0.0	0.0	0.0	0.00.0	0.0	0.0	0.0	0.0	0.0	0.0	0.0	0.0
NC_001640.1	5p	-	86	0.0	0.0	0.0	0.0	0.0	0.0	0.0	0.0	0.0	0.0	0.0	0.0	0.0	0.0	0.0	0.0	0.00.0	0.0	0.0	0.0	0.0	0.0	0.0	0.0	0.0
NC_001640.1	5p	-	87	0.0	0.0	0.0	0.0	0.0	0.0	0.0	0.0	0.0	0.0	0.0	0.0	0.0	0.0	0.0	0.0	0.00.0	0.0	0.0	0.0	0.0	0.0	0.0	0.0	0.0
NC_001640.1	5p	-	88	0.0	0.0	0.0	0.0	0.0	0.0	0.0	0.0	0.0	0.0	0.0	0.0	0.0	0.0	0.0	0.0	0.00.0	0.0	0.0	0.0	0.0	0.0	0.0	0.0	0.0
NC_001640.1	5p	-	89	0.0	0.0	0.0	0.0	0.0	0.0	0.0	0.0	0.0	0.0	0.0	0.0	0.0	0.0	0.0	0.0	0.00.0	0.0	0.0	0.0	0.0	0.0	0.0	0.0	0.0
NC_001640.1	5p	-	90	0.0	0.0	0.0	0.0	0.0	0.0	0.0	0.0	0.0	0.0	0.0	0.0	0.0	0.0	0.0	0.0	0.00.0	0.0	0.0	0.0	0.0	0.0	0.0	0.0	0.0
NC_001640.1	5p	-	91	0.0	0.0	0.0	0.0	0.0	0.0	0.0	0.0	0.0	0.0	0.0	0.0	0.0	0.0	0.0	0.0	0.00.0	0.0	0.0	0.0	0.0	0.0	0.0	0.0	0.0
NC_001640.1	5p	-	92	0.0	0.0	0.0	0.0	0.0	0.0	0.0	0.0	0.0	0.0	0.0	0.0	0.0	0.0	0.0	0.0	0.00.0	0.0	0.0	0.0	0.0	0.0	0.0	0.0	0.0
NC_001640.1	5p	-	93	0.0	0.0	0.0	0.0	0.0	0.0	0.0	0.0	0.0	0.0	0.0	0.0	0.0	0.0	0.0	0.0	0.00.0	0.0	0.0	0.0	0.0	0.0	0.0	0.0	0.0
NC_001640.1	5p	-	94	0.0	0.0	0.0	0.0	0.0	0.0	0.0	0.0	0.0	0.0	0.0	0.0	0.0	0.0	0.0	0.0	0.00.0	0.0	0.0	0.0	0.0	0.0	0.0	0.0	0.0
NC_001640.1	5p	-	95	0.0	0.0	0.0	0.0	0.0	0.0	0.0	0.0	0.0	0.0	0.0	0.0	0.0	0.0	0.0	0.0	0.00.0	0.0	0.0	0.0	0.0	0.0	0.0	0.0	0.0
NC_001640.1	5p	-	96	0.0	0.0	0.0	0.0	0.0	0.0	0.0	0.0	0.0	0.0	0.0	0.0	0.0	0.0	0.0	0.0	0.00.0	0.0	0.0	0.0	0.0	0.0	0.0	0.0	0.0
NC_001640.1	5p	-	97	0.0	0.0	0.0	0.0	0.0	0.0	0.0	0.0	0.0	0.0	0.0	0.0	0.0	0.0	0.0	0.0	0.00.0	0.0	0.0	0.0	0.0	0.0	0.0	0.0	0.0
NC_001640.1	5p	-	98	0.0	0.0	0.0	0.0	0.0	0.0	0.0	0.0	0.0	0.0	0.0	0.0	0.0	0.0	0.0	0.0	0.00.0	0.0	0.0	0.0	0.0	0.0	0.0	0.0	0.0
NC_001640.1	5p	-	99	0.0	0.0	0.0	0.0	0.0	0.0	0.0	0.0	0.0	0.0	0.0	0.0	0.0	0.0	0.0	0.0	0.00.0	0.0	0.0	0.0	0.0	0.0	0.0	0.0	0.0
NC_001640.1	5p	-	100	0.0	0.0	0.0	0.0	0.0	0.0	0.0	0.0	0.0	0.0	0.0	0.0	0.0	0.0	0.0	0.0	0.00.0	0.0	0.0	0.0	0.0	0.0	0.0	0.0	0.0
