# Position (bp)	A	C	G	T	N
0.0	44.277170550628995	19.261703444009072	8.90905341307486	27.552072592287068	0.0
1.0	40.77129305011343	24.8092390183543	9.032790266034233	25.38667766549804	0.0
2.0	35.10002062280883	24.932975871313673	9.878325427923283	30.088678077954217	0.0
3.0	35.36811713755414	25.448546091977725	10.352650030934212	28.830686739533924	0.0
4.0	34.56382759331821	26.025984739121466	11.961229119406063	27.448958548154256	0.0
5.0	34.70818725510414	25.86100226850897	11.610641369354505	27.820169107032378	0.0
6.0	35.24438028459476	26.23221282738709	11.053825531037328	27.46958135698082	0.0
7.0	34.770055681583834	26.3353268715199	12.559290575376366	26.3353268715199	0.0
8.0	33.965766137347906	26.190967209733966	12.291194060631058	27.552072592287068	0.0
9.0	33.986388946174465	25.86100226850897	12.786141472468552	27.36646731284801	0.0
10.0	34.15137141678697	26.562177768612084	12.848009898948238	26.438440915652713	0.0
11.0	33.94514332852134	26.37657248917303	12.332439678284182	27.34584450402145	0.0
12.0	33.718292431429155	27.325221695194884	13.116106413693545	25.84037945968241	0.0
13.0	33.14085378428542	28.50072179830893	12.064343163538874	26.294081253866775	0.0
14.0	34.068880181480715	26.76840585687771	12.641781810682614	26.52093215095896	0.0
15.0	33.20272221076511	27.778923489379252	13.116106413693545	25.902247886162094	0.0
16.0	33.986388946174465	27.94390595999175	12.600536193029491	25.46916890080429	0.0
17.0	33.67704681377604	27.28397607754176	12.827387090121675	26.21159001856053	0.0
18.0	33.264590637244794	28.10888843060425	12.559290575376366	26.06723035677459	0.0
19.0	33.59455557846979	27.902660342338624	13.219220457826356	25.28356362136523	0.0
20.0	33.6976696226026	27.820169107032378	12.868632707774799	25.613528562590226	0.0
21.0	34.15137141678697	27.94390595999175	11.713755413487318	26.190967209733966	0.0
22.0	34.584450402144775	26.5003093421324	12.786141472468552	26.12909878325428	0.0
23.0	32.295318622396366	27.304598886368325	13.219220457826356	27.18086203340895	0.0
24.0	33.800783666735406	26.89214270983708	12.023097545885749	27.28397607754176	0.0
25.0	35.63621365229944	26.417818106826154	12.97174675190761	24.974221488966798	0.0
26.0	34.79067849041039	24.99484429779336	12.621159001856054	27.593318209940193	0.0
27.0	35.80119612291194	26.64466900391833	11.713755413487318	25.84037945968241	0.0
28.0	35.78057331408538	24.953598680140235	11.466281707568571	27.79954629820582	0.0
29.0	35.10002062280883	24.70612497422149	9.54836048669829	30.645493916271395	0.0
30.0	34.834240475012365	24.715487382483918	8.683819891142997	31.76645225136071	0.0
31.0	35.56808068822308	25.066745772767725	8.958765944823496	30.4064075941857	0.0
32.0	36.05541378053226	25.300765585125774	8.749544294567992	29.894276339773967	0.0
33.0	35.28628495339547	25.699067909454058	8.965823346648913	30.048823790501554	0.0
34.0	35.29085872576177	26.925207756232687	8.310249307479225	29.47368421052631	0.0
35.0	37.42372881355932	25.83050847457627	7.59322033898305	29.152542372881356	0.0
36.0	37.91069924178602	25.695029486099408	8.256107834877843	28.13816343723673	0.0
37.0	35.17534537725824	26.461211477151963	8.926673751328375	29.436769394261425	0.0
38.0	34.82849604221636	29.287598944591032	7.12401055408971	28.759894459102902	0.0
39.0	36.807817589576544	26.547231270358306	7.980456026058631	28.664495114006517	0.0
40.0	35.5640535372849	25.812619502868067	8.98661567877629	29.636711281070742	0.0
41.0	38.25503355704698	22.14765100671141	10.06711409395973	29.53020134228188	0.0
42.0	36.887608069164266	22.478386167146976	9.510086455331413	31.12391930835735	0.0
43.0	32.40418118466899	26.82926829268293	8.362369337979095	32.40418118466899	0.0
44.0	38.91625615763547	24.63054187192118	6.896551724137931	29.55665024630542	0.0
45.0	34.55882352941176	22.794117647058822	7.352941176470589	35.294117647058826	0.0
46.0	38.961038961038966	25.97402597402597	5.194805194805195	29.87012987012987	0.0
47.0	34.69387755102041	26.53061224489796	6.122448979591836	32.6530612244898	0.0
48.0	38.88888888888889	22.22222222222222	0.0	38.88888888888889	0.0
