Pos	C>T	G>A	A>C	A>G	A>T	C>A	C>G	G>C	G>T	T>A	T>C	T>G	->ACGT	ACGT>-
24	0.093275	0.005435	0.000000	0.013196	0.001466	0.000000	0.000000	0.000000	0.001812	0.001312	0.002625	0.000000	0.000000	0.000000
23	0.107551	0.001835	0.000000	0.000000	0.003984	0.002288	0.000000	0.000000	0.000000	0.001385	0.001385	0.000000	0.000000	0.000000
22	0.068460	0.001818	0.000000	0.009550	0.002729	0.000000	0.002445	0.000000	0.000000	0.001307	0.005229	0.000000	0.000000	0.000000
21	0.065728	0.007326	0.000000	0.004127	0.000000	0.002347	0.002347	0.000000	0.000000	0.000000	0.000000	0.000000	0.000000	0.000000
20	0.070938	0.017637	0.000000	0.002710	0.000000	0.000000	0.000000	0.000000	0.000000	0.000000	0.005594	0.000000	0.000000	0.000000
19	0.076577	0.005300	0.001439	0.008633	0.000000	0.000000	0.000000	0.000000	0.000000	0.002660	0.001330	0.000000	0.000000	0.000000
18	0.047836	0.001721	0.000000	0.007246	0.001449	0.000000	0.000000	0.001721	0.000000	0.000000	0.002677	0.000000	0.000000	0.000000
17	0.068027	0.000000	0.000000	0.005610	0.001403	0.000000	0.000000	0.001712	0.000000	0.000000	0.005563	0.001391	0.000000	0.000000
16	0.084282	0.006932	0.000000	0.008633	0.000000	0.002278	0.000000	0.000000	0.000000	0.000000	0.006702	0.000000	0.000000	0.000000
15	0.053269	0.011152	0.000000	0.002833	0.002833	0.000000	0.000000	0.000000	0.000000	0.001250	0.006250	0.000000	0.000000	0.000000
14	0.072650	0.007286	0.001435	0.005739	0.000000	0.000000	0.000000	0.000000	0.000000	0.002692	0.001346	0.001346	0.000000	0.000000
13	0.072210	0.007220	0.000000	0.002809	0.000000	0.002188	0.000000	0.001805	0.001805	0.000000	0.006812	0.000000	0.000000	0.000000
12	0.083532	0.011401	0.000000	0.002899	0.000000	0.000000	0.000000	0.001629	0.001629	0.001364	0.002729	0.000000	0.000407	0.000000
11	0.064795	0.006861	0.000000	0.004190	0.000000	0.000000	0.000000	0.000000	0.000000	0.000000	0.004323	0.001441	0.000407	0.000000
10	0.054054	0.001866	0.000000	0.000000	0.000000	0.000000	0.000000	0.000000	0.000000	0.001335	0.002670	0.000000	0.000000	0.000000
9	0.058140	0.001661	0.000000	0.004286	0.000000	0.000000	0.000000	0.000000	0.000000	0.000000	0.005517	0.000000	0.000000	0.000000
8	0.108295	0.003442	0.000000	0.001445	0.000000	0.000000	0.000000	0.000000	0.003442	0.001333	0.001333	0.000000	0.000000	0.000000
7	0.158129	0.005102	0.003021	0.006042	0.003021	0.002227	0.000000	0.000000	0.000000	0.002639	0.003958	0.001319	0.000000	0.000000
6	0.135338	0.005415	0.000000	0.006868	0.001374	0.000000	0.000000	0.000000	0.001805	0.000000	0.000000	0.000000	0.000407	0.000000
5	0.157647	0.005300	0.001471	0.007353	0.001471	0.000000	0.000000	0.000000	0.000000	0.000000	0.002545	0.000000	0.000000	0.000000
4	0.205189	0.003419	0.000000	0.004243	0.001414	0.000000	0.000000	0.000000	0.000000	0.001350	0.001350	0.000000	0.000000	0.000000
3	0.235012	0.003384	0.000000	0.009790	0.001399	0.002398	0.000000	0.000000	0.001692	0.001362	0.001362	0.002725	0.000000	0.000000
2	0.341969	0.005245	0.001319	0.006596	0.001319	0.000000	0.002591	0.000000	0.000000	0.000000	0.005398	0.002699	0.000000	0.000000
1	0.449275	0.001513	0.000000	0.009311	0.000000	0.000000	0.000000	0.000000	0.001513	0.001183	0.002367	0.003550	0.000000	0.000000
0	0.592437	0.005703	0.000000	0.006897	0.001724	0.004202	0.000000	0.000000	0.000000	0.001143	0.001143	0.000000	0.000000	0.000000
