Pos	C>T	G>A	A>C	A>G	A>T	C>A	C>G	G>C	G>T	T>A	T>C	T>G	->ACGT	ACGT>-
0	0.617816	0.001706	0.000000	0.005348	0.001337	0.000000	0.000000	0.000000	0.000000	0.000000	0.001290	0.000000	0.000000	0.000000
1	0.473815	0.004839	0.001431	0.005722	0.001431	0.000000	0.000000	0.000000	0.000000	0.005427	0.005427	0.000000	0.000000	0.000000
2	0.375000	0.004808	0.001321	0.001321	0.001321	0.000000	0.000000	0.000000	0.001603	0.000000	0.004054	0.000000	0.000000	0.000000
3	0.314433	0.003676	0.001292	0.009044	0.002584	0.000000	0.000000	0.000000	0.001838	0.000000	0.006658	0.002663	0.000000	0.000000
4	0.208845	0.006780	0.001460	0.007299	0.000000	0.000000	0.002457	0.001695	0.000000	0.001290	0.002581	0.000000	0.000000	0.000000
5	0.182870	0.008850	0.000000	0.005450	0.000000	0.000000	0.002315	0.000000	0.001770	0.001377	0.001377	0.001377	0.000000	0.000000
6	0.168591	0.008446	0.001449	0.010145	0.004348	0.000000	0.000000	0.000000	0.001689	0.001348	0.000000	0.000000	0.000000	0.000000
7	0.173697	0.001779	0.000000	0.007989	0.000000	0.000000	0.002481	0.000000	0.000000	0.001350	0.002699	0.000000	0.000000	0.000000
8	0.102740	0.005338	0.000000	0.006974	0.000000	0.000000	0.000000	0.000000	0.000000	0.000000	0.001351	0.000000	0.000000	0.000000
9	0.094808	0.009158	0.000000	0.005618	0.001404	0.002257	0.000000	0.000000	0.000000	0.000000	0.003968	0.000000	0.000000	0.000000
10	0.127451	0.003442	0.000000	0.005587	0.000000	0.002451	0.000000	0.000000	0.000000	0.001330	0.002660	0.000000	0.000000	0.000000
11	0.085714	0.005128	0.000000	0.004225	0.001408	0.000000	0.000000	0.000000	0.001709	0.000000	0.001348	0.000000	0.000000	0.000000
12	0.078522	0.004926	0.001433	0.011461	0.001433	0.000000	0.000000	0.000000	0.000000	0.001395	0.001395	0.000000	0.000000	0.000000
13	0.076212	0.005367	0.000000	0.008208	0.000000	0.002309	0.000000	0.000000	0.001789	0.002725	0.004087	0.000000	0.000000	0.000000
14	0.062084	0.003697	0.001414	0.005658	0.002829	0.000000	0.002217	0.001848	0.000000	0.001319	0.011873	0.000000	0.000000	0.000000
15	0.076923	0.008913	0.000000	0.004208	0.000000	0.000000	0.002262	0.001783	0.000000	0.000000	0.004049	0.000000	0.000000	0.000000
16	0.087912	0.007207	0.000000	0.008523	0.002841	0.000000	0.000000	0.000000	0.000000	0.000000	0.002692	0.001346	0.000000	0.000000
17	0.056818	0.005245	0.001408	0.002817	0.000000	0.000000	0.000000	0.000000	0.001748	0.001362	0.002725	0.000000	0.000000	0.000000
18	0.063786	0.007435	0.000000	0.002865	0.001433	0.002058	0.000000	0.001859	0.000000	0.002725	0.005450	0.001362	0.000407	0.000000
19	0.067797	0.001792	0.000000	0.001395	0.000000	0.000000	0.000000	0.001792	0.001792	0.001300	0.001300	0.000000	0.000000	0.000000
20	0.059735	0.003378	0.000000	0.007225	0.000000	0.000000	0.000000	0.000000	0.000000	0.001387	0.002774	0.001387	0.000000	0.000000
21	0.066059	0.008651	0.000000	0.004348	0.001449	0.000000	0.000000	0.000000	0.000000	0.000000	0.006667	0.000000	0.000000	0.000000
22	0.047511	0.005102	0.000000	0.007163	0.000000	0.000000	0.000000	0.000000	0.000000	0.001372	0.001372	0.000000	0.000000	0.000000
23	0.067130	0.010118	0.001379	0.004138	0.001379	0.000000	0.000000	0.000000	0.001686	0.002829	0.004243	0.001414	0.000000	0.000000
24	0.100671	0.008741	0.000000	0.001497	0.000000	0.000000	0.000000	0.000000	0.000000	0.000000	0.003901	0.000000	0.000407	0.000000
