End	Std	Pos	A	C	G	T	Total
3p	+	1	255	117	114	440	926
3p	+	2	225	139	169	393	926
3p	+	3	330	158	134	304	926
3p	+	4	307	183	147	289	926
3p	+	5	298	200	154	274	926
3p	+	6	306	217	134	269	926
3p	+	7	305	198	143	280	926
3p	+	8	282	218	135	291	926
3p	+	9	316	232	126	252	926
3p	+	10	289	245	138	254	926
3p	+	11	308	230	143	245	926
3p	+	12	324	248	136	218	926
3p	+	13	297	222	143	264	926
3p	+	14	301	229	137	259	926
3p	+	15	295	262	135	234	926
3p	+	16	305	220	105	296	926
3p	+	17	319	233	144	230	926
3p	+	18	332	226	135	233	926
3p	+	19	267	247	148	264	926
3p	+	20	297	239	128	262	926
3p	+	21	341	250	116	219	926
3p	+	22	309	223	127	267	926
3p	+	23	319	210	128	269	926
3p	+	24	332	227	113	254	926
3p	+	25	292	234	126	274	926
3p	+	26	275	222	143	286	926
3p	+	27	332	213	129	252	926
3p	+	28	309	177	131	309	926
3p	+	29	312	166	147	301	926
3p	+	30	337	160	126	303	926
3p	+	31	251	119	94	295	759
3p	+	32	200	92	85	223	600
3p	+	33	172	59	70	166	467
3p	+	34	129	50	50	131	360
3p	+	35	98	32	50	93	273
3p	+	36	83	38	42	66	229
3p	+	37	71	23	35	61	190
3p	+	38	43	18	28	56	145
3p	+	39	42	23	17	34	116
3p	+	40	35	12	13	34	94
3p	+	41	24	15	12	33	84
3p	+	42	30	12	9	19	70
3p	+	43	16	9	14	13	52
3p	+	44	16	4	5	16	41
3p	+	45	12	4	5	7	28
3p	+	46	13	0	0	6	19
3p	+	47	3	1	1	5	10
3p	+	48	4	0	1	3	8
3p	+	49	3	1	1	1	6
3p	+	50	0	0	0	0	0
3p	+	51	0	0	0	0	0
3p	+	52	0	0	0	0	0
3p	+	53	0	0	0	0	0
3p	+	54	0	0	0	0	0
3p	+	55	0	0	0	0	0
3p	+	56	0	0	0	0	0
3p	+	57	0	0	0	0	0
3p	+	58	0	0	0	0	0
3p	+	59	0	0	0	0	0
3p	+	60	0	0	0	0	0
3p	+	61	0	0	0	0	0
3p	+	62	0	0	0	0	0
3p	+	63	0	0	0	0	0
3p	+	64	0	0	0	0	0
3p	+	65	0	0	0	0	0
3p	+	66	0	0	0	0	0
3p	+	67	0	0	0	0	0
3p	+	68	0	0	0	0	0
3p	+	69	0	0	0	0	0
3p	+	70	0	0	0	0	0
3p	+	71	0	0	0	0	0
3p	+	72	0	0	0	0	0
3p	+	73	0	0	0	0	0
3p	+	74	0	0	0	0	0
3p	+	75	0	0	0	0	0
3p	+	76	0	0	0	0	0
3p	+	77	0	0	0	0	0
3p	+	78	0	0	0	0	0
3p	+	79	0	0	0	0	0
3p	+	80	0	0	0	0	0
3p	+	81	0	0	0	0	0
3p	+	82	0	0	0	0	0
3p	+	83	0	0	0	0	0
3p	+	84	0	0	0	0	0
3p	+	85	0	0	0	0	0
3p	+	86	0	0	0	0	0
3p	+	87	0	0	0	0	0
3p	+	88	0	0	0	0	0
3p	+	89	0	0	0	0	0
3p	+	90	0	0	0	0	0
3p	+	91	0	0	0	0	0
3p	+	92	0	0	0	0	0
3p	+	93	0	0	0	0	0
3p	+	94	0	0	0	0	0
3p	+	95	0	0	0	0	0
3p	+	96	0	0	0	0	0
3p	+	97	0	0	0	0	0
3p	+	98	0	0	0	0	0
3p	+	99	0	0	0	0	0
3p	+	100	0	0	0	0	0
3p	-	1	326	76	413	716	1531
3p	-	2	309	91	498	633	1531
3p	-	3	424	100	443	564	1531
3p	-	4	404	136	450	541	1531
3p	-	5	408	138	432	553	1531
3p	-	6	370	144	434	583	1531
3p	-	7	421	147	412	551	1531
3p	-	8	378	164	455	534	1531
3p	-	9	378	156	452	545	1531
3p	-	10	409	164	466	492	1531
3p	-	11	422	192	392	525	1531
3p	-	12	393	189	447	502	1531
3p	-	13	399	165	465	502	1531
3p	-	14	414	200	413	504	1531
3p	-	15	403	174	415	539	1531
3p	-	16	404	176	429	522	1531
3p	-	17	375	173	435	548	1531
3p	-	18	376	190	453	512	1531
3p	-	19	418	174	436	503	1531
3p	-	20	396	173	441	521	1531
3p	-	21	405	160	443	523	1531
3p	-	22	420	173	419	519	1531
3p	-	23	407	174	429	521	1531
3p	-	24	421	163	431	516	1531
3p	-	25	384	186	431	530	1531
3p	-	26	410	166	448	507	1531
3p	-	27	408	155	454	514	1531
3p	-	28	383	134	483	531	1531
3p	-	29	387	142	397	605	1531
3p	-	30	418	113	471	529	1531
3p	-	31	355	94	397	480	1326
3p	-	32	288	81	351	416	1136
3p	-	33	242	54	290	346	932
3p	-	34	217	32	244	286	779
3p	-	35	163	36	196	248	643
3p	-	36	143	45	136	204	528
3p	-	37	120	31	124	158	433
3p	-	38	87	17	118	129	351
3p	-	39	73	19	84	116	292
3p	-	40	52	12	71	90	225
3p	-	41	45	12	59	77	193
3p	-	42	37	5	47	66	155
3p	-	43	33	6	36	42	117
3p	-	44	30	3	31	33	97
3p	-	45	25	1	16	23	65
3p	-	46	16	5	15	11	47
3p	-	47	10	1	6	13	30
3p	-	48	7	1	6	7	21
3p	-	49	2	0	3	6	11
3p	-	50	0	0	0	0	0
3p	-	51	0	0	0	0	0
3p	-	52	0	0	0	0	0
3p	-	53	0	0	0	0	0
3p	-	54	0	0	0	0	0
3p	-	55	0	0	0	0	0
3p	-	56	0	0	0	0	0
3p	-	57	0	0	0	0	0
3p	-	58	0	0	0	0	0
3p	-	59	0	0	0	0	0
3p	-	60	0	0	0	0	0
3p	-	61	0	0	0	0	0
3p	-	62	0	0	0	0	0
3p	-	63	0	0	0	0	0
3p	-	64	0	0	0	0	0
3p	-	65	0	0	0	0	0
3p	-	66	0	0	0	0	0
3p	-	67	0	0	0	0	0
3p	-	68	0	0	0	0	0
3p	-	69	0	0	0	0	0
3p	-	70	0	0	0	0	0
3p	-	71	0	0	0	0	0
3p	-	72	0	0	0	0	0
3p	-	73	0	0	0	0	0
3p	-	74	0	0	0	0	0
3p	-	75	0	0	0	0	0
3p	-	76	0	0	0	0	0
3p	-	77	0	0	0	0	0
3p	-	78	0	0	0	0	0
3p	-	79	0	0	0	0	0
3p	-	80	0	0	0	0	0
3p	-	81	0	0	0	0	0
3p	-	82	0	0	0	0	0
3p	-	83	0	0	0	0	0
3p	-	84	0	0	0	0	0
3p	-	85	0	0	0	0	0
3p	-	86	0	0	0	0	0
3p	-	87	0	0	0	0	0
3p	-	88	0	0	0	0	0
3p	-	89	0	0	0	0	0
3p	-	90	0	0	0	0	0
3p	-	91	0	0	0	0	0
3p	-	92	0	0	0	0	0
3p	-	93	0	0	0	0	0
3p	-	94	0	0	0	0	0
3p	-	95	0	0	0	0	0
3p	-	96	0	0	0	0	0
3p	-	97	0	0	0	0	0
3p	-	98	0	0	0	0	0
3p	-	99	0	0	0	0	0
3p	-	100	0	0	0	0	0
5p	+	1	344	77	125	380	926
5p	+	2	304	118	165	339	926
5p	+	3	326	130	143	327	926
5p	+	4	349	163	118	296	926
5p	+	5	303	190	144	289	926
5p	+	6	317	207	120	282	926
5p	+	7	305	211	136	274	926
5p	+	8	342	192	134	258	926
5p	+	9	300	232	118	276	926
5p	+	10	304	243	119	260	926
5p	+	11	308	201	133	284	926
5p	+	12	299	214	135	278	926
5p	+	13	297	237	142	250	926
5p	+	14	330	232	125	239	926
5p	+	15	284	253	139	250	926
5p	+	16	309	250	124	243	926
5p	+	17	305	242	126	253	926
5p	+	18	320	218	124	264	926
5p	+	19	297	255	126	248	926
5p	+	20	305	229	135	257	926
5p	+	21	314	242	140	230	926
5p	+	22	308	231	126	261	926
5p	+	23	293	243	143	247	926
5p	+	24	300	238	143	245	926
5p	+	25	295	221	144	266	926
5p	+	26	311	228	122	265	926
5p	+	27	286	217	149	274	926
5p	+	28	282	209	143	292	926
5p	+	29	304	185	150	287	926
5p	+	30	306	161	112	347	926
5p	+	31	252	120	111	276	759
5p	+	32	180	103	106	211	600
5p	+	33	127	79	83	178	467
5p	+	34	125	65	47	123	360
5p	+	35	106	40	32	95	273
5p	+	36	65	41	39	84	229
5p	+	37	61	24	35	70	190
5p	+	38	42	25	25	53	145
5p	+	39	36	26	20	34	116
5p	+	40	29	14	13	38	94
5p	+	41	21	12	17	34	84
5p	+	42	22	7	15	26	70
5p	+	43	13	9	7	23	52
5p	+	44	12	9	5	15	41
5p	+	45	9	6	5	8	28
5p	+	46	6	4	1	8	19
5p	+	47	4	0	1	5	10
5p	+	48	3	2	1	2	8
5p	+	49	1	2	0	3	6
5p	+	50	0	0	0	0	0
5p	+	51	0	0	0	0	0
5p	+	52	0	0	0	0	0
5p	+	53	0	0	0	0	0
5p	+	54	0	0	0	0	0
5p	+	55	0	0	0	0	0
5p	+	56	0	0	0	0	0
5p	+	57	0	0	0	0	0
5p	+	58	0	0	0	0	0
5p	+	59	0	0	0	0	0
5p	+	60	0	0	0	0	0
5p	+	61	0	0	0	0	0
5p	+	62	0	0	0	0	0
5p	+	63	0	0	0	0	0
5p	+	64	0	0	0	0	0
5p	+	65	0	0	0	0	0
5p	+	66	0	0	0	0	0
5p	+	67	0	0	0	0	0
5p	+	68	0	0	0	0	0
5p	+	69	0	0	0	0	0
5p	+	70	0	0	0	0	0
5p	+	71	0	0	0	0	0
5p	+	72	0	0	0	0	0
5p	+	73	0	0	0	0	0
5p	+	74	0	0	0	0	0
5p	+	75	0	0	0	0	0
5p	+	76	0	0	0	0	0
5p	+	77	0	0	0	0	0
5p	+	78	0	0	0	0	0
5p	+	79	0	0	0	0	0
5p	+	80	0	0	0	0	0
5p	+	81	0	0	0	0	0
5p	+	82	0	0	0	0	0
5p	+	83	0	0	0	0	0
5p	+	84	0	0	0	0	0
5p	+	85	0	0	0	0	0
5p	+	86	0	0	0	0	0
5p	+	87	0	0	0	0	0
5p	+	88	0	0	0	0	0
5p	+	89	0	0	0	0	0
5p	+	90	0	0	0	0	0
5p	+	91	0	0	0	0	0
5p	+	92	0	0	0	0	0
5p	+	93	0	0	0	0	0
5p	+	94	0	0	0	0	0
5p	+	95	0	0	0	0	0
5p	+	96	0	0	0	0	0
5p	+	97	0	0	0	0	0
5p	+	98	0	0	0	0	0
5p	+	99	0	0	0	0	0
5p	+	100	0	0	0	0	0
5p	-	1	400	57	464	610	1531
5p	-	2	396	98	456	581	1531
5p	-	3	431	84	478	538	1531
5p	-	4	417	109	432	573	1531
5p	-	5	381	135	447	568	1531
5p	-	6	419	146	445	521	1531
5p	-	7	380	150	457	544	1531
5p	-	8	405	142	434	550	1531
5p	-	9	415	162	446	508	1531
5p	-	10	409	160	426	536	1531
5p	-	11	408	156	450	517	1531
5p	-	12	410	171	449	501	1531
5p	-	13	395	164	472	500	1531
5p	-	14	401	170	436	524	1531
5p	-	15	419	180	404	528	1531
5p	-	16	406	161	435	529	1531
5p	-	17	395	175	432	529	1531
5p	-	18	391	200	447	493	1531
5p	-	19	405	205	410	511	1531
5p	-	20	413	158	421	539	1531
5p	-	21	376	185	456	514	1531
5p	-	22	383	184	450	514	1531
5p	-	23	404	179	447	501	1531
5p	-	24	428	169	447	487	1531
5p	-	25	378	184	424	545	1531
5p	-	26	395	180	442	514	1531
5p	-	27	382	143	458	548	1531
5p	-	28	375	148	445	563	1531
5p	-	29	377	149	447	558	1531
5p	-	30	382	118	437	594	1531
5p	-	31	341	106	381	498	1326
5p	-	32	302	79	317	438	1136
5p	-	33	228	60	259	385	932
5p	-	34	187	53	239	300	779
5p	-	35	179	38	183	243	643
5p	-	36	123	46	153	206	528
5p	-	37	101	26	121	185	433
5p	-	38	84	27	112	128	351
5p	-	39	71	15	77	129	292
5p	-	40	50	19	78	78	225
5p	-	41	43	20	52	78	193
5p	-	42	43	10	42	60	155
5p	-	43	25	10	28	54	117
5p	-	44	21	6	23	47	97
5p	-	45	16	1	22	26	65
5p	-	46	10	3	13	21	47
5p	-	47	5	1	14	10	30
5p	-	48	7	0	6	8	21
5p	-	49	3	1	3	4	11
5p	-	50	0	0	0	0	0
5p	-	51	0	0	0	0	0
5p	-	52	0	0	0	0	0
5p	-	53	0	0	0	0	0
5p	-	54	0	0	0	0	0
5p	-	55	0	0	0	0	0
5p	-	56	0	0	0	0	0
5p	-	57	0	0	0	0	0
5p	-	58	0	0	0	0	0
5p	-	59	0	0	0	0	0
5p	-	60	0	0	0	0	0
5p	-	61	0	0	0	0	0
5p	-	62	0	0	0	0	0
5p	-	63	0	0	0	0	0
5p	-	64	0	0	0	0	0
5p	-	65	0	0	0	0	0
5p	-	66	0	0	0	0	0
5p	-	67	0	0	0	0	0
5p	-	68	0	0	0	0	0
5p	-	69	0	0	0	0	0
5p	-	70	0	0	0	0	0
5p	-	71	0	0	0	0	0
5p	-	72	0	0	0	0	0
5p	-	73	0	0	0	0	0
5p	-	74	0	0	0	0	0
5p	-	75	0	0	0	0	0
5p	-	76	0	0	0	0	0
5p	-	77	0	0	0	0	0
5p	-	78	0	0	0	0	0
5p	-	79	0	0	0	0	0
5p	-	80	0	0	0	0	0
5p	-	81	0	0	0	0	0
5p	-	82	0	0	0	0	0
5p	-	83	0	0	0	0	0
5p	-	84	0	0	0	0	0
5p	-	85	0	0	0	0	0
5p	-	86	0	0	0	0	0
5p	-	87	0	0	0	0	0
5p	-	88	0	0	0	0	0
5p	-	89	0	0	0	0	0
5p	-	90	0	0	0	0	0
5p	-	91	0	0	0	0	0
5p	-	92	0	0	0	0	0
5p	-	93	0	0	0	0	0
5p	-	94	0	0	0	0	0
5p	-	95	0	0	0	0	0
5p	-	96	0	0	0	0	0
5p	-	97	0	0	0	0	0
5p	-	98	0	0	0	0	0
5p	-	99	0	0	0	0	0
5p	-	100	0	0	0	0	0
