# Position (bp)	A	C	G	T	N
0.0	44.55670103092784	19.463917525773198	9.216494845360824	26.762886597938145	0.0
1.0	39.23711340206186	25.608247422680414	8.845360824742269	26.309278350515463	0.0
2.0	35.670103092783506	24.350515463917528	9.402061855670103	30.577319587628864	0.0
3.0	35.50515463917526	25.628865979381445	11.11340206185567	27.75257731958763	0.0
4.0	34.94845360824742	25.113402061855673	11.505154639175258	28.432989690721648	0.0
5.0	34.98969072164949	25.628865979381445	11.855670103092782	27.52577319587629	0.0
6.0	35.1958762886598	25.79381443298969	11.319587628865978	27.690721649484534	0.0
7.0	35.381443298969074	26.88659793814433	12.103092783505156	25.628865979381445	0.0
8.0	33.44329896907217	27.628865979381445	11.463917525773196	27.463917525773198	0.0
9.0	34.18556701030928	27.195876288659793	11.97938144329897	26.639175257731956	0.0
10.0	33.175257731958766	27.896907216494842	11.54639175257732	27.38144329896907	0.0
11.0	32.41237113402062	28.432989690721648	11.443298969072165	27.711340206185568	0.0
12.0	33.54639175257732	27.340206185567013	11.814432989690722	27.298969072164947	0.0
13.0	33.54639175257732	26.845360824742272	12.824742268041236	26.783505154639176	0.0
14.0	33.21649484536082	26.06185567010309	12.824742268041236	27.896907216494842	0.0
15.0	33.4020618556701	28.432989690721648	12.309278350515465	25.85567010309278	0.0
16.0	33.4020618556701	27.422680412371136	12.639175257731958	26.536082474226802	0.0
17.0	32.41237113402062	27.360824742268044	13.484536082474227	26.742268041237118	0.0
18.0	34.28865979381443	27.876288659793815	12.082474226804123	25.752577319587626	0.0
19.0	32.30927835051546	28.927835051546392	13.09278350515464	25.670103092783503	0.0
20.0	32.92783505154639	27.896907216494842	12.371134020618557	26.804123711340207	0.0
21.0	32.06185567010309	28.969072164948457	12.144329896907216	26.824742268041234	0.0
22.0	34.06185567010309	26.90721649484536	12.309278350515465	26.72164948453608	0.0
23.0	33.34020618556701	28.185567010309278	12.597938144329898	25.87628865979382	0.0
24.0	33.77319587628866	28.88659793814433	11.505154639175258	25.835051546391753	0.0
25.0	34.78350515463918	27.505154639175256	12.350515463917526	25.36082474226804	0.0
26.0	33.670103092783506	26.804123711340207	11.690721649484537	27.835051546391753	0.0
27.0	36.371134020618555	25.38144329896907	10.597938144329897	27.649484536082475	0.0
28.0	35.50515463917526	24.164948453608247	11.010309278350515	29.31958762886598	0.0
29.0	33.79381443298969	25.587628865979383	9.257731958762887	31.36082474226804	0.0
30.0	36.390827517447654	24.6011964107677	9.596211365902294	29.411764705882355	0.0
31.0	35.51093796823494	24.42313455199281	9.679352712016781	30.38657476775547	0.0
32.0	35.305059523809526	23.809523809523807	9.263392857142858	31.622023809523807	0.0
33.0	37.58449752140604	25.777377196935557	7.796304641730509	28.841820639927896	0.0
34.0	35.11407902058987	25.98775737340011	8.95937673900946	29.938786867000555	0.0
35.0	34.16779431664411	26.79296346414073	9.133964817320704	29.905277401894452	0.0
36.0	36.5874363327674	25.806451612903224	8.31918505942275	29.28692699490662	0.0
37.0	36.04887983706721	27.494908350305497	8.24847250509165	28.20773930753564	0.0
38.0	34.95518565941101	26.12035851472471	9.090909090909092	29.833546734955185	0.0
39.0	38.62928348909657	21.962616822429908	8.878504672897195	30.529595015576323	0.0
40.0	37.42911153119093	23.440453686200378	8.506616257088846	30.623818525519848	0.0
41.0	36.525612472160354	25.16703786191537	8.68596881959911	29.621380846325167	0.0
42.0	33.61823361823362	24.216524216524217	8.831908831908832	33.33333333333333	0.0
43.0	33.204633204633204	27.413127413127413	8.880308880308881	30.501930501930502	0.0
44.0	43.169398907103826	20.76502732240437	8.743169398907105	27.322404371584703	0.0
45.0	37.1900826446281	28.09917355371901	5.785123966942149	28.92561983471074	0.0
46.0	38.57142857142858	30.0	2.857142857142857	28.57142857142857	0.0
47.0	31.70731707317073	29.268292682926827	9.75609756097561	29.268292682926827	0.0
48.0	37.5	43.75	12.5	6.25	0.0
