Pos	C>T	G>A	A>C	A>G	A>T	C>A	C>G	G>C	G>T	T>A	T>C	T>G	->ACGT	ACGT>-
24	0.076739	0.006400	0.001490	0.007452	0.002981	0.002398	0.000000	0.000000	0.000000	0.000000	0.001359	0.000000	0.000000	0.000000
23	0.073394	0.005445	0.001439	0.001439	0.000000	0.002294	0.000000	0.000000	0.000000	0.000000	0.005215	0.001304	0.000000	0.000000
22	0.077449	0.006993	0.000000	0.010057	0.001437	0.000000	0.000000	0.000000	0.000000	0.000000	0.002695	0.000000	0.000000	0.000000
21	0.067720	0.003591	0.000000	0.005988	0.001497	0.004515	0.000000	0.000000	0.000000	0.001280	0.002561	0.001280	0.000000	0.000000
20	0.070776	0.005629	0.000000	0.005571	0.000000	0.000000	0.000000	0.003752	0.000000	0.001316	0.005263	0.000000	0.000000	0.000000
19	0.052301	0.010619	0.000000	0.006070	0.001517	0.002092	0.000000	0.001770	0.000000	0.002677	0.004016	0.000000	0.000000	0.000000
18	0.062189	0.008237	0.000000	0.002994	0.002994	0.002488	0.000000	0.001647	0.000000	0.000000	0.005181	0.000000	0.000000	0.000000
17	0.067538	0.005405	0.000000	0.009804	0.000000	0.000000	0.000000	0.000000	0.001802	0.001387	0.002774	0.000000	0.000000	0.000000
16	0.064302	0.006768	0.000000	0.002959	0.001479	0.002217	0.000000	0.000000	0.000000	0.001368	0.004104	0.001368	0.000000	0.000000
15	0.060325	0.005059	0.000000	0.010479	0.000000	0.000000	0.000000	0.000000	0.000000	0.000000	0.007926	0.000000	0.000000	0.000000
14	0.061644	0.006826	0.000000	0.004121	0.000000	0.002283	0.002283	0.000000	0.000000	0.001435	0.002869	0.002869	0.000000	0.000000
13	0.077605	0.008606	0.000000	0.004539	0.003026	0.000000	0.002217	0.000000	0.000000	0.001323	0.001323	0.001323	0.000000	0.000000
12	0.085784	0.005245	0.001471	0.004412	0.000000	0.000000	0.002451	0.000000	0.000000	0.000000	0.005070	0.001267	0.000000	0.000000
11	0.081967	0.007130	0.002829	0.004243	0.000000	0.000000	0.000000	0.000000	0.000000	0.000000	0.002653	0.000000	0.000000	0.000000
10	0.070588	0.005348	0.000000	0.005602	0.002801	0.000000	0.000000	0.000000	0.000000	0.000000	0.002670	0.000000	0.000000	0.000000
9	0.097561	0.006920	0.000000	0.004304	0.000000	0.002439	0.000000	0.000000	0.000000	0.001309	0.003927	0.000000	0.000000	0.000000
8	0.096019	0.000000	0.000000	0.002653	0.000000	0.000000	0.000000	0.000000	0.001802	0.001403	0.007013	0.000000	0.000000	0.000000
7	0.126214	0.000000	0.000000	0.006006	0.000000	0.000000	0.002427	0.000000	0.000000	0.000000	0.001318	0.002635	0.000000	0.000000
6	0.130542	0.005386	0.001418	0.012766	0.000000	0.002463	0.000000	0.000000	0.001795	0.001280	0.001280	0.000000	0.000000	0.000000
5	0.137019	0.003571	0.000000	0.005634	0.002817	0.000000	0.000000	0.000000	0.003571	0.003932	0.002621	0.001311	0.000000	0.000000
4	0.188506	0.005386	0.000000	0.002954	0.001477	0.000000	0.000000	0.000000	0.000000	0.001282	0.002564	0.000000	0.000000	0.000000
3	0.223118	0.007962	0.000000	0.007310	0.002924	0.000000	0.000000	0.000000	0.001592	0.000000	0.003922	0.000000	0.000000	0.000000
2	0.364130	0.003425	0.001255	0.006274	0.000000	0.000000	0.000000	0.000000	0.000000	0.000000	0.000000	0.000000	0.000000	0.000000
1	0.493734	0.004539	0.000000	0.005629	0.001876	0.002506	0.000000	0.000000	0.000000	0.000000	0.003505	0.000000	0.000000	0.000000
0	0.568293	0.003914	0.001773	0.003546	0.001773	0.002439	0.000000	0.000000	0.000000	0.000000	0.000000	0.002075	0.000000	0.000000
