Pos	C>T	G>A	A>C	A>G	A>T	C>A	C>G	G>C	G>T	T>A	T>C	T>G	->ACGT	ACGT>-
0	0.682243	0.011272	0.001366	0.006831	0.001366	0.000000	0.006231	0.000000	0.000000	0.001290	0.003871	0.001290	0.000000	0.000000
1	0.498667	0.003466	0.002714	0.001357	0.001357	0.000000	0.002667	0.000000	0.000000	0.000000	0.002632	0.000000	0.000000	0.000000
2	0.387464	0.004878	0.001433	0.005731	0.001433	0.002849	0.000000	0.000000	0.000000	0.001274	0.002548	0.002548	0.000000	0.000000
3	0.324808	0.008375	0.000000	0.006684	0.001337	0.000000	0.000000	0.000000	0.001675	0.001403	0.002805	0.001403	0.000000	0.000000
4	0.226131	0.005155	0.001408	0.001408	0.001408	0.002513	0.002513	0.000000	0.000000	0.002635	0.003953	0.002635	0.000000	0.000000
5	0.155294	0.008446	0.001460	0.008759	0.000000	0.004706	0.000000	0.000000	0.000000	0.000000	0.000000	0.000000	0.000000	0.000000
6	0.149184	0.010601	0.002770	0.011080	0.000000	0.000000	0.000000	0.000000	0.000000	0.002732	0.001366	0.001366	0.000000	0.000000
7	0.129330	0.007042	0.000000	0.005548	0.000000	0.002309	0.000000	0.000000	0.001761	0.000000	0.006887	0.000000	0.000000	0.000000
8	0.120773	0.006734	0.000000	0.010279	0.004405	0.002415	0.000000	0.000000	0.000000	0.001316	0.003947	0.000000	0.000000	0.000000
9	0.096110	0.006711	0.000000	0.002890	0.000000	0.002288	0.000000	0.000000	0.001678	0.001381	0.004144	0.001381	0.000000	0.000000
10	0.069663	0.000000	0.000000	0.005806	0.000000	0.002247	0.000000	0.001792	0.000000	0.001321	0.005284	0.000000	0.000000	0.000000
11	0.124051	0.003333	0.000000	0.005908	0.002954	0.000000	0.000000	0.000000	0.001667	0.000000	0.001287	0.000000	0.000000	0.000000
12	0.087444	0.001815	0.000000	0.005525	0.002762	0.000000	0.000000	0.001815	0.000000	0.000000	0.004121	0.000000	0.000000	0.000000
13	0.087760	0.006897	0.000000	0.000000	0.001393	0.000000	0.000000	0.001724	0.000000	0.000000	0.006964	0.000000	0.000000	0.000000
14	0.056872	0.016978	0.000000	0.004587	0.000000	0.007109	0.000000	0.001698	0.000000	0.000000	0.003827	0.000000	0.000000	0.000000
15	0.052402	0.003289	0.000000	0.011628	0.002907	0.000000	0.000000	0.000000	0.000000	0.001439	0.002878	0.002878	0.000000	0.000000
16	0.063063	0.009058	0.000000	0.006859	0.000000	0.000000	0.000000	0.000000	0.000000	0.000000	0.001381	0.004144	0.000000	0.000000
17	0.052133	0.003521	0.000000	0.001506	0.001506	0.002370	0.000000	0.000000	0.001761	0.001258	0.003774	0.000000	0.000000	0.000000
18	0.077605	0.008361	0.000000	0.002837	0.000000	0.000000	0.000000	0.000000	0.000000	0.000000	0.001439	0.000000	0.000000	0.000000
19	0.088636	0.003578	0.000000	0.007194	0.004317	0.000000	0.000000	0.000000	0.000000	0.000000	0.002649	0.000000	0.000000	0.000000
20	0.061728	0.000000	0.001393	0.005571	0.000000	0.002469	0.000000	0.000000	0.000000	0.000000	0.002577	0.000000	0.000000	0.000000
21	0.047733	0.006908	0.000000	0.004261	0.000000	0.002387	0.000000	0.000000	0.001727	0.000000	0.004016	0.000000	0.000000	0.000000
22	0.075893	0.008850	0.000000	0.004458	0.000000	0.000000	0.000000	0.000000	0.000000	0.001311	0.005242	0.000000	0.000000	0.000000
23	0.073826	0.001792	0.001468	0.005874	0.000000	0.002237	0.000000	0.000000	0.000000	0.003932	0.006553	0.000000	0.000000	0.000000
24	0.075893	0.005597	0.000000	0.005690	0.001422	0.000000	0.002232	0.000000	0.000000	0.003937	0.003937	0.001312	0.000000	0.000000
