End	Std	Pos	A	C	G	T	Total
3p	+	1	237	102	98	414	851
3p	+	2	252	112	145	342	851
3p	+	3	335	119	117	280	851
3p	+	4	267	167	149	268	851
3p	+	5	287	199	137	228	851
3p	+	6	291	202	111	247	851
3p	+	7	278	183	121	269	851
3p	+	8	268	197	135	251	851
3p	+	9	290	219	108	234	851
3p	+	10	273	205	128	245	851
3p	+	11	283	217	126	225	851
3p	+	12	286	201	103	261	851
3p	+	13	289	181	108	273	851
3p	+	14	266	206	144	235	851
3p	+	15	308	224	108	211	851
3p	+	16	278	210	126	237	851
3p	+	17	280	220	134	217	851
3p	+	18	310	227	112	202	851
3p	+	19	289	210	115	237	851
3p	+	20	274	245	117	215	851
3p	+	21	279	232	110	230	851
3p	+	22	265	201	130	255	851
3p	+	23	296	200	136	219	851
3p	+	24	269	220	110	252	851
3p	+	25	279	221	144	207	851
3p	+	26	273	179	143	256	851
3p	+	27	304	208	111	228	851
3p	+	28	274	180	129	268	851
3p	+	29	262	165	141	283	851
3p	+	30	298	129	119	305	851
3p	+	31	239	86	102	241	668
3p	+	32	205	69	82	183	539
3p	+	33	151	65	64	146	426
3p	+	34	101	37	48	135	321
3p	+	35	90	32	44	82	248
3p	+	36	62	38	27	55	182
3p	+	37	44	25	20	49	138
3p	+	38	43	15	18	34	110
3p	+	39	35	9	9	38	91
3p	+	40	30	14	9	25	78
3p	+	41	25	11	12	20	68
3p	+	42	21	7	10	25	63
3p	+	43	19	5	12	13	49
3p	+	44	14	2	11	9	36
3p	+	45	14	2	3	10	29
3p	+	46	9	1	2	4	16
3p	+	47	1	0	4	5	10
3p	+	48	1	0	0	4	5
3p	+	49	1	0	0	1	2
3p	+	50	0	0	0	0	0
3p	+	51	0	0	0	0	0
3p	+	52	0	0	0	0	0
3p	+	53	0	0	0	0	0
3p	+	54	0	0	0	0	0
3p	+	55	0	0	0	0	0
3p	+	56	0	0	0	0	0
3p	+	57	0	0	0	0	0
3p	+	58	0	0	0	0	0
3p	+	59	0	0	0	0	0
3p	+	60	0	0	0	0	0
3p	+	61	0	0	0	0	0
3p	+	62	0	0	0	0	0
3p	+	63	0	0	0	0	0
3p	+	64	0	0	0	0	0
3p	+	65	0	0	0	0	0
3p	+	66	0	0	0	0	0
3p	+	67	0	0	0	0	0
3p	+	68	0	0	0	0	0
3p	+	69	0	0	0	0	0
3p	+	70	0	0	0	0	0
3p	+	71	0	0	0	0	0
3p	+	72	0	0	0	0	0
3p	+	73	0	0	0	0	0
3p	+	74	0	0	0	0	0
3p	+	75	0	0	0	0	0
3p	+	76	0	0	0	0	0
3p	+	77	0	0	0	0	0
3p	+	78	0	0	0	0	0
3p	+	79	0	0	0	0	0
3p	+	80	0	0	0	0	0
3p	+	81	0	0	0	0	0
3p	+	82	0	0	0	0	0
3p	+	83	0	0	0	0	0
3p	+	84	0	0	0	0	0
3p	+	85	0	0	0	0	0
3p	+	86	0	0	0	0	0
3p	+	87	0	0	0	0	0
3p	+	88	0	0	0	0	0
3p	+	89	0	0	0	0	0
3p	+	90	0	0	0	0	0
3p	+	91	0	0	0	0	0
3p	+	92	0	0	0	0	0
3p	+	93	0	0	0	0	0
3p	+	94	0	0	0	0	0
3p	+	95	0	0	0	0	0
3p	+	96	0	0	0	0	0
3p	+	97	0	0	0	0	0
3p	+	98	0	0	0	0	0
3p	+	99	0	0	0	0	0
3p	+	100	0	0	0	0	0
3p	-	1	326	75	415	782	1598
3p	-	2	281	92	516	709	1598
3p	-	3	458	116	470	554	1598
3p	-	4	415	125	478	580	1598
3p	-	5	391	156	419	632	1598
3p	-	6	418	159	450	571	1598
3p	-	7	422	171	441	564	1598
3p	-	8	394	163	484	557	1598
3p	-	9	463	172	448	515	1598
3p	-	10	427	167	449	555	1598
3p	-	11	428	180	436	554	1598
3p	-	12	420	195	457	526	1598
3p	-	13	390	196	466	546	1598
3p	-	14	396	210	437	555	1598
3p	-	15	423	187	480	508	1598
3p	-	16	386	201	471	540	1598
3p	-	17	399	204	456	539	1598
3p	-	18	401	203	446	548	1598
3p	-	19	381	171	488	558	1598
3p	-	20	389	211	445	553	1598
3p	-	21	439	181	422	556	1598
3p	-	22	403	212	430	553	1598
3p	-	23	396	207	439	556	1598
3p	-	24	428	188	440	542	1598
3p	-	25	389	165	482	562	1598
3p	-	26	461	181	438	518	1598
3p	-	27	474	161	483	480	1598
3p	-	28	440	140	469	549	1598
3p	-	29	396	139	468	595	1598
3p	-	30	413	123	463	599	1598
3p	-	31	353	78	405	538	1374
3p	-	32	322	69	317	459	1167
3p	-	33	280	66	271	353	970
3p	-	34	201	49	252	294	796
3p	-	35	165	38	210	233	646
3p	-	36	161	29	150	193	533
3p	-	37	109	30	130	167	436
3p	-	38	90	24	102	150	366
3p	-	39	78	21	80	115	294
3p	-	40	58	18	71	96	243
3p	-	41	67	17	50	71	205
3p	-	42	57	12	51	63	183
3p	-	43	28	11	45	59	143
3p	-	44	35	3	29	42	109
3p	-	45	16	3	26	37	82
3p	-	46	12	3	20	27	62
3p	-	47	9	1	14	15	39
3p	-	48	5	0	7	5	17
3p	-	49	3	0	3	3	9
3p	-	50	0	0	0	0	0
3p	-	51	0	0	0	0	0
3p	-	52	0	0	0	0	0
3p	-	53	0	0	0	0	0
3p	-	54	0	0	0	0	0
3p	-	55	0	0	0	0	0
3p	-	56	0	0	0	0	0
3p	-	57	0	0	0	0	0
3p	-	58	0	0	0	0	0
3p	-	59	0	0	0	0	0
3p	-	60	0	0	0	0	0
3p	-	61	0	0	0	0	0
3p	-	62	0	0	0	0	0
3p	-	63	0	0	0	0	0
3p	-	64	0	0	0	0	0
3p	-	65	0	0	0	0	0
3p	-	66	0	0	0	0	0
3p	-	67	0	0	0	0	0
3p	-	68	0	0	0	0	0
3p	-	69	0	0	0	0	0
3p	-	70	0	0	0	0	0
3p	-	71	0	0	0	0	0
3p	-	72	0	0	0	0	0
3p	-	73	0	0	0	0	0
3p	-	74	0	0	0	0	0
3p	-	75	0	0	0	0	0
3p	-	76	0	0	0	0	0
3p	-	77	0	0	0	0	0
3p	-	78	0	0	0	0	0
3p	-	79	0	0	0	0	0
3p	-	80	0	0	0	0	0
3p	-	81	0	0	0	0	0
3p	-	82	0	0	0	0	0
3p	-	83	0	0	0	0	0
3p	-	84	0	0	0	0	0
3p	-	85	0	0	0	0	0
3p	-	86	0	0	0	0	0
3p	-	87	0	0	0	0	0
3p	-	88	0	0	0	0	0
3p	-	89	0	0	0	0	0
3p	-	90	0	0	0	0	0
3p	-	91	0	0	0	0	0
3p	-	92	0	0	0	0	0
3p	-	93	0	0	0	0	0
3p	-	94	0	0	0	0	0
3p	-	95	0	0	0	0	0
3p	-	96	0	0	0	0	0
3p	-	97	0	0	0	0	0
3p	-	98	0	0	0	0	0
3p	-	99	0	0	0	0	0
3p	-	100	0	0	0	0	0
5p	+	1	292	52	151	356	851
5p	+	2	293	102	139	317	851
5p	+	3	292	131	125	303	851
5p	+	4	301	159	122	269	851
5p	+	5	300	174	131	246	851
5p	+	6	260	211	128	252	851
5p	+	7	275	198	115	263	851
5p	+	8	308	210	101	232	851
5p	+	9	268	206	148	229	851
5p	+	10	269	212	135	235	851
5p	+	11	280	209	129	233	851
5p	+	12	290	197	129	235	851
5p	+	13	300	213	122	216	851
5p	+	14	310	210	120	211	851
5p	+	15	271	221	104	255	851
5p	+	16	276	225	134	216	851
5p	+	17	314	214	121	202	851
5p	+	18	277	207	110	257	851
5p	+	19	284	215	138	214	851
5p	+	20	273	219	125	234	851
5p	+	21	283	201	105	262	851
5p	+	22	280	216	121	234	851
5p	+	23	281	212	111	247	851
5p	+	24	278	217	122	234	851
5p	+	25	266	216	120	249	851
5p	+	26	270	212	125	244	851
5p	+	27	283	190	135	243	851
5p	+	28	297	182	133	239	851
5p	+	29	279	184	115	273	851
5p	+	30	269	140	129	313	851
5p	+	31	207	102	108	251	668
5p	+	32	177	69	79	214	539
5p	+	33	132	76	57	161	426
5p	+	34	120	50	38	113	321
5p	+	35	89	34	37	88	248
5p	+	36	60	31	25	66	182
5p	+	37	47	15	16	60	138
5p	+	38	42	16	16	36	110
5p	+	39	31	13	15	32	91
5p	+	40	22	6	13	37	78
5p	+	41	23	7	12	26	68
5p	+	42	24	7	9	23	63
5p	+	43	21	4	8	16	49
5p	+	44	9	6	8	13	36
5p	+	45	11	4	4	10	29
5p	+	46	2	3	3	8	16
5p	+	47	4	1	1	4	10
5p	+	48	5	0	0	0	5
5p	+	49	0	0	0	2	2
5p	+	50	0	0	0	0	0
5p	+	51	0	0	0	0	0
5p	+	52	0	0	0	0	0
5p	+	53	0	0	0	0	0
5p	+	54	0	0	0	0	0
5p	+	55	0	0	0	0	0
5p	+	56	0	0	0	0	0
5p	+	57	0	0	0	0	0
5p	+	58	0	0	0	0	0
5p	+	59	0	0	0	0	0
5p	+	60	0	0	0	0	0
5p	+	61	0	0	0	0	0
5p	+	62	0	0	0	0	0
5p	+	63	0	0	0	0	0
5p	+	64	0	0	0	0	0
5p	+	65	0	0	0	0	0
5p	+	66	0	0	0	0	0
5p	+	67	0	0	0	0	0
5p	+	68	0	0	0	0	0
5p	+	69	0	0	0	0	0
5p	+	70	0	0	0	0	0
5p	+	71	0	0	0	0	0
5p	+	72	0	0	0	0	0
5p	+	73	0	0	0	0	0
5p	+	74	0	0	0	0	0
5p	+	75	0	0	0	0	0
5p	+	76	0	0	0	0	0
5p	+	77	0	0	0	0	0
5p	+	78	0	0	0	0	0
5p	+	79	0	0	0	0	0
5p	+	80	0	0	0	0	0
5p	+	81	0	0	0	0	0
5p	+	82	0	0	0	0	0
5p	+	83	0	0	0	0	0
5p	+	84	0	0	0	0	0
5p	+	85	0	0	0	0	0
5p	+	86	0	0	0	0	0
5p	+	87	0	0	0	0	0
5p	+	88	0	0	0	0	0
5p	+	89	0	0	0	0	0
5p	+	90	0	0	0	0	0
5p	+	91	0	0	0	0	0
5p	+	92	0	0	0	0	0
5p	+	93	0	0	0	0	0
5p	+	94	0	0	0	0	0
5p	+	95	0	0	0	0	0
5p	+	96	0	0	0	0	0
5p	+	97	0	0	0	0	0
5p	+	98	0	0	0	0	0
5p	+	99	0	0	0	0	0
5p	+	100	0	0	0	0	0
5p	-	1	441	52	471	634	1598
5p	-	2	442	89	438	629	1598
5p	-	3	405	86	493	614	1598
5p	-	4	447	107	475	569	1598
5p	-	5	413	136	452	597	1598
5p	-	6	425	147	465	561	1598
5p	-	7	445	170	454	529	1598
5p	-	8	414	171	466	547	1598
5p	-	9	409	160	449	580	1598
5p	-	10	427	185	459	527	1598
5p	-	11	407	209	432	550	1598
5p	-	12	383	150	472	593	1598
5p	-	13	419	198	431	550	1598
5p	-	14	411	191	455	541	1598
5p	-	15	393	178	477	550	1598
5p	-	16	405	211	482	500	1598
5p	-	17	415	203	434	546	1598
5p	-	18	389	195	456	558	1598
5p	-	19	424	202	457	515	1598
5p	-	20	416	184	437	561	1598
5p	-	21	431	181	449	537	1598
5p	-	22	426	185	456	531	1598
5p	-	23	395	206	452	545	1598
5p	-	24	403	202	439	554	1598
5p	-	25	438	200	419	541	1598
5p	-	26	398	182	465	553	1598
5p	-	27	435	165	437	561	1598
5p	-	28	416	169	460	553	1598
5p	-	29	397	146	475	580	1598
5p	-	30	395	138	459	606	1598
5p	-	31	341	104	423	506	1374
5p	-	32	294	79	346	448	1167
5p	-	33	214	51	274	431	970
5p	-	34	190	69	240	297	796
5p	-	35	150	40	188	268	646
5p	-	36	125	31	145	232	533
5p	-	37	99	25	139	173	436
5p	-	38	83	35	110	138	366
5p	-	39	72	22	81	119	294
5p	-	40	55	15	77	96	243
5p	-	41	60	14	49	82	205
5p	-	42	33	11	56	83	183
5p	-	43	35	9	32	67	143
5p	-	44	29	7	40	33	109
5p	-	45	21	3	26	32	82
5p	-	46	16	5	13	28	62
5p	-	47	11	3	5	20	39
5p	-	48	3	1	6	7	17
5p	-	49	1	1	3	4	9
5p	-	50	0	0	0	0	0
5p	-	51	0	0	0	0	0
5p	-	52	0	0	0	0	0
5p	-	53	0	0	0	0	0
5p	-	54	0	0	0	0	0
5p	-	55	0	0	0	0	0
5p	-	56	0	0	0	0	0
5p	-	57	0	0	0	0	0
5p	-	58	0	0	0	0	0
5p	-	59	0	0	0	0	0
5p	-	60	0	0	0	0	0
5p	-	61	0	0	0	0	0
5p	-	62	0	0	0	0	0
5p	-	63	0	0	0	0	0
5p	-	64	0	0	0	0	0
5p	-	65	0	0	0	0	0
5p	-	66	0	0	0	0	0
5p	-	67	0	0	0	0	0
5p	-	68	0	0	0	0	0
5p	-	69	0	0	0	0	0
5p	-	70	0	0	0	0	0
5p	-	71	0	0	0	0	0
5p	-	72	0	0	0	0	0
5p	-	73	0	0	0	0	0
5p	-	74	0	0	0	0	0
5p	-	75	0	0	0	0	0
5p	-	76	0	0	0	0	0
5p	-	77	0	0	0	0	0
5p	-	78	0	0	0	0	0
5p	-	79	0	0	0	0	0
5p	-	80	0	0	0	0	0
5p	-	81	0	0	0	0	0
5p	-	82	0	0	0	0	0
5p	-	83	0	0	0	0	0
5p	-	84	0	0	0	0	0
5p	-	85	0	0	0	0	0
5p	-	86	0	0	0	0	0
5p	-	87	0	0	0	0	0
5p	-	88	0	0	0	0	0
5p	-	89	0	0	0	0	0
5p	-	90	0	0	0	0	0
5p	-	91	0	0	0	0	0
5p	-	92	0	0	0	0	0
5p	-	93	0	0	0	0	0
5p	-	94	0	0	0	0	0
5p	-	95	0	0	0	0	0
5p	-	96	0	0	0	0	0
5p	-	97	0	0	0	0	0
5p	-	98	0	0	0	0	0
5p	-	99	0	0	0	0	0
5p	-	100	0	0	0	0	0
