# Position (bp)	A	C	G	T	N
0.0	43.913043478260875	19.523809523809526	7.908902691511386	28.65424430641822	0.0
1.0	39.02691511387164	25.093167701863354	10.579710144927535	25.300207039337476	0.0
2.0	36.3768115942029	23.664596273291927	9.606625258799172	30.351966873706004	0.0
3.0	36.16977225672878	25.010351966873706	10.124223602484472	28.695652173913043	0.0
4.0	34.741200828157346	25.71428571428571	12.008281573498964	27.536231884057973	0.0
5.0	35.98343685300207	25.79710144927536	11.262939958592133	26.956521739130434	0.0
6.0	33.95445134575569	25.56935817805383	12.256728778467908	28.21946169772257	0.0
7.0	35.52795031055901	26.93581780538302	12.153209109730849	25.383022774327124	0.0
8.0	33.33333333333333	27.805383022774325	11.801242236024844	27.060041407867498	0.0
9.0	32.71221532091098	28.2815734989648	11.801242236024844	27.204968944099377	0.0
10.0	33.519668737060044	25.300207039337476	13.167701863354036	28.012422360248447	0.0
11.0	33.209109730848866	27.10144927536232	13.229813664596273	26.459627329192546	0.0
12.0	33.126293995859214	27.784679089026916	12.46376811594203	26.625258799171842	0.0
13.0	33.93374741200828	27.080745341614907	12.857142857142856	26.128364389233955	0.0
14.0	32.44306418219462	27.494824016563147	12.443064182194616	27.61904761904762	0.0
15.0	33.126293995859214	27.74327122153209	12.028985507246377	27.10144927536232	0.0
16.0	34.40993788819876	26.666666666666668	12.691511387163562	26.231884057971016	0.0
17.0	32.77432712215321	27.51552795031056	13.457556935817806	26.25258799171843	0.0
18.0	33.002070393374744	28.530020703933744	12.153209109730849	26.31469979296066	0.0
19.0	34.223602484472046	26.811594202898554	12.753623188405797	26.211180124223603	0.0
20.0	33.250517598343684	27.474120082815734	12.46376811594203	26.811594202898554	0.0
21.0	34.1407867494824	27.784679089026916	11.635610766045549	26.438923395445137	0.0
22.0	33.80952380952381	26.728778467908903	13.105590062111801	26.356107660455486	0.0
23.0	32.87784679089027	26.91511387163561	12.753623188405797	27.45341614906832	0.0
24.0	34.53416149068323	26.25258799171843	12.525879917184266	26.687370600414077	0.0
25.0	33.41614906832298	28.115942028985508	12.194616977225673	26.273291925465834	0.0
26.0	32.25672877846791	27.51552795031056	12.27743271221532	27.95031055900621	0.0
27.0	34.3064182194617	27.16356107660455	11.118012422360248	27.412008281573495	0.0
28.0	36.25258799171843	24.886128364389233	11.759834368530022	27.10144927536232	0.0
29.0	35.42443064182195	24.513457556935816	9.668737060041407	30.39337474120083	0.0
30.0	34.39646712463199	24.681059862610404	9.838076545632973	31.08439646712463	0.0
31.0	34.403534609720175	26.06774668630339	9.5139911634757	30.014727540500736	0.0
32.0	35.78113750899928	24.622030237580994	9.107271418286537	30.48956083513319	0.0
33.0	35.08153371529308	26.399294843543412	8.197443807844866	30.32172763331864	0.0
34.0	38.91304347826087	24.40217391304348	7.989130434782608	28.695652173913043	0.0
35.0	36.0079575596817	23.93899204244032	9.946949602122016	30.106100795755967	0.0
36.0	35.67393058918483	25.181598062954	9.443099273607748	29.701372074253428	0.0
37.0	32.85420944558521	29.055441478439427	8.11088295687885	29.97946611909651	0.0
38.0	35.910224438902745	28.05486284289277	9.351620947630924	26.683291770573565	0.0
39.0	37.308868501529055	25.229357798165136	6.727828746177369	30.73394495412844	0.0
40.0	38.698010849909586	21.880650994575046	9.764918625678119	29.65641952983725	0.0
41.0	38.80266075388026	25.055432372505543	8.647450110864744	27.494456762749447	0.0
42.0	36.795252225519285	27.89317507418398	5.637982195845697	29.673590504451035	0.0
43.0	32.83582089552239	30.970149253731343	7.08955223880597	29.1044776119403	0.0
44.0	32.795698924731184	24.731182795698924	7.526881720430108	34.946236559139784	0.0
45.0	34.35114503816794	23.66412213740458	8.396946564885496	33.587786259541986	0.0
46.0	38.961038961038966	24.675324675324674	3.896103896103896	32.467532467532465	0.0
47.0	29.629629629629626	31.48148148148148	5.555555555555555	33.33333333333333	0.0
48.0	40.0	36.0	0.0	24.0	0.0
