Pos	C>T	G>A	A>C	A>G	A>T	C>A	C>G	G>C	G>T	T>A	T>C	T>G	->ACGT	ACGT>-
24	0.085537	0.008889	0.000963	0.006744	0.000963	0.000000	0.000000	0.000000	0.000000	0.000000	0.002780	0.000000	0.000000	0.000000
23	0.084084	0.007264	0.001907	0.003813	0.000000	0.001502	0.000000	0.000000	0.002421	0.000000	0.006256	0.000894	0.000000	0.000000
22	0.073960	0.003529	0.000000	0.008380	0.000931	0.000000	0.000000	0.000000	0.000000	0.000000	0.003680	0.000000	0.000000	0.000000
21	0.074516	0.003713	0.000000	0.006856	0.000979	0.002981	0.000000	0.000000	0.000000	0.002586	0.001724	0.000862	0.000000	0.000000
20	0.068006	0.002478	0.000942	0.008475	0.000000	0.001546	0.000000	0.002478	0.000000	0.001751	0.003503	0.000000	0.000547	0.000000
19	0.057607	0.008000	0.000998	0.005988	0.000998	0.001477	0.000000	0.001143	0.000000	0.001808	0.002712	0.000000	0.000000	0.000000
18	0.056761	0.010033	0.000000	0.004000	0.002000	0.001669	0.000000	0.001115	0.000000	0.000000	0.004296	0.000000	0.000000	0.000000
17	0.058824	0.005747	0.000000	0.007240	0.000905	0.000000	0.000000	0.000000	0.001149	0.000978	0.001957	0.000000	0.000000	0.000000
16	0.065185	0.004624	0.000000	0.002907	0.000969	0.001481	0.000000	0.000000	0.000000	0.000000	0.002757	0.000919	0.000000	0.000000
15	0.058632	0.005675	0.000000	0.008539	0.000000	0.000000	0.000000	0.000000	0.000000	0.000000	0.007201	0.000000	0.000000	0.000000
14	0.063348	0.005875	0.000000	0.003721	0.000000	0.004525	0.001508	0.000000	0.001175	0.000000	0.000935	0.001869	0.000273	0.000000
13	0.075843	0.005952	0.000000	0.003058	0.002039	0.001404	0.001404	0.000000	0.000000	0.000887	0.002662	0.000887	0.000000	0.000000
12	0.088567	0.007009	0.000995	0.005970	0.000995	0.000000	0.001610	0.000000	0.000000	0.000000	0.005093	0.000849	0.000000	0.000000
11	0.094637	0.005903	0.001890	0.003781	0.000000	0.000000	0.000000	0.000000	0.000000	0.000892	0.005352	0.000000	0.000000	0.000000
10	0.075000	0.007255	0.000000	0.002865	0.003820	0.000000	0.000000	0.000000	0.000000	0.001745	0.003490	0.000000	0.000000	0.000000
9	0.098071	0.005814	0.000000	0.006770	0.000000	0.001608	0.000000	0.000000	0.001163	0.000874	0.003497	0.000000	0.000000	0.000000
8	0.097372	0.002430	0.000000	0.003610	0.001805	0.000000	0.000000	0.001215	0.001215	0.000924	0.005545	0.000000	0.000000	0.000000
7	0.137715	0.006689	0.000000	0.005000	0.002000	0.000000	0.001565	0.001115	0.000000	0.000000	0.001779	0.002669	0.000000	0.000000
6	0.125828	0.004598	0.000980	0.011765	0.000000	0.001656	0.000000	0.000000	0.001149	0.001717	0.002575	0.000000	0.000273	0.000000
5	0.141925	0.004773	0.000000	0.004704	0.001881	0.000000	0.000000	0.000000	0.002387	0.002618	0.003490	0.001745	0.000000	0.000000
4	0.203554	0.004717	0.000000	0.001894	0.001894	0.000000	0.000000	0.000000	0.000000	0.000880	0.001761	0.000880	0.000273	0.000000
3	0.244207	0.006363	0.001955	0.008798	0.002933	0.000000	0.000000	0.000000	0.002121	0.000883	0.003530	0.000000	0.000000	0.000000
2	0.378928	0.003492	0.000000	0.006515	0.000000	0.000000	0.000000	0.001164	0.000000	0.000969	0.001938	0.000000	0.000000	0.000000
1	0.489185	0.004219	0.000000	0.008373	0.002392	0.001664	0.000000	0.000000	0.000000	0.000000	0.003137	0.000000	0.000000	0.000000
0	0.555377	0.002632	0.002448	0.004896	0.001224	0.001605	0.000000	0.000000	0.000000	0.000000	0.000685	0.002055	0.000000	0.000000
