Pos	C>T	G>A	A>C	A>G	A>T	C>A	C>G	G>C	G>T	T>A	T>C	T>G	->ACGT	ACGT>-
0	0.663498	0.010846	0.000922	0.006452	0.000922	0.000000	0.003802	0.000000	0.000000	0.001775	0.002662	0.000000	0.000000	0.000000
1	0.471869	0.002334	0.001847	0.003693	0.000923	0.003630	0.001815	0.000000	0.001167	0.001711	0.001711	0.000855	0.000000	0.000000
2	0.383019	0.004246	0.002836	0.006616	0.002836	0.003774	0.000000	0.000000	0.000000	0.000885	0.003540	0.003540	0.000000	0.000000
3	0.323049	0.006608	0.000000	0.004484	0.000897	0.000000	0.000000	0.000000	0.000000	0.001842	0.004604	0.000921	0.000000	0.000000
4	0.213922	0.003484	0.002806	0.001871	0.001871	0.001698	0.001698	0.000000	0.001161	0.000877	0.002632	0.002632	0.000000	0.000000
5	0.164076	0.011173	0.000952	0.006667	0.000000	0.003454	0.000000	0.000000	0.000000	0.000000	0.000880	0.000000	0.000000	0.000000
6	0.159091	0.011834	0.001828	0.011883	0.000000	0.001515	0.000000	0.000000	0.000000	0.000943	0.003770	0.000943	0.000000	0.000000
7	0.140888	0.005841	0.000000	0.005629	0.000938	0.001531	0.000000	0.000000	0.001168	0.001845	0.005535	0.000000	0.000000	0.000000
8	0.115942	0.003409	0.000982	0.004912	0.001965	0.001610	0.000000	0.000000	0.001136	0.000876	0.003506	0.000876	0.000000	0.000000
9	0.098284	0.004689	0.000000	0.005550	0.000925	0.000000	0.000000	0.000000	0.002345	0.001843	0.002765	0.000922	0.000000	0.000000
10	0.078987	0.000000	0.000000	0.005814	0.000000	0.001490	0.000000	0.001208	0.000000	0.000886	0.001771	0.000000	0.000000	0.000000
11	0.107890	0.005682	0.001955	0.010753	0.001955	0.001610	0.000000	0.000000	0.001136	0.000881	0.000881	0.000000	0.000273	0.000000
12	0.087613	0.001236	0.000000	0.005430	0.001810	0.000000	0.000000	0.001236	0.000000	0.000000	0.003693	0.000000	0.000273	0.000000
13	0.080000	0.005747	0.000000	0.000000	0.000924	0.000000	0.000000	0.001149	0.000000	0.000000	0.004726	0.000000	0.000000	0.000000
14	0.060510	0.011390	0.000000	0.006724	0.000000	0.004777	0.000000	0.001139	0.000000	0.000898	0.002695	0.000000	0.000000	0.000000
15	0.044978	0.004435	0.000000	0.008780	0.001951	0.000000	0.000000	0.000000	0.000000	0.000000	0.003752	0.001876	0.000000	0.000000
16	0.060698	0.005988	0.000000	0.006475	0.000000	0.000000	0.000000	0.000000	0.000000	0.000000	0.001843	0.002765	0.000000	0.000000
17	0.056426	0.003525	0.000000	0.002000	0.001000	0.003135	0.000000	0.000000	0.001175	0.000855	0.003419	0.000000	0.000273	0.000000
18	0.074627	0.004587	0.000000	0.002857	0.000000	0.001493	0.000000	0.000000	0.000000	0.000000	0.001873	0.000000	0.000000	0.000000
19	0.086510	0.006158	0.000000	0.006757	0.003861	0.000000	0.000000	0.000000	0.000000	0.000000	0.001770	0.000000	0.000000	0.000000
20	0.065916	0.002370	0.000968	0.005808	0.000968	0.001608	0.000000	0.000000	0.001185	0.000000	0.004307	0.000000	0.000000	0.000000
21	0.061321	0.005643	0.000000	0.002871	0.000000	0.001572	0.000000	0.000000	0.001129	0.000000	0.005489	0.000000	0.000000	0.000000
22	0.068862	0.007084	0.000000	0.004960	0.000000	0.000000	0.000000	0.000000	0.000000	0.000880	0.004398	0.000000	0.000000	0.000000
23	0.074405	0.006120	0.000964	0.005786	0.000964	0.001488	0.000000	0.000000	0.000000	0.003527	0.007055	0.000000	0.000000	0.000000
24	0.084444	0.008610	0.000000	0.004794	0.002876	0.000000	0.001481	0.000000	0.001230	0.003546	0.005319	0.000887	0.000273	0.000000
