End	Std	Pos	A	C	G	T	Total
3p	+	1	343	160	156	646	1305
3p	+	2	392	172	204	537	1305
3p	+	3	531	178	181	415	1305
3p	+	4	409	246	209	441	1305
3p	+	5	439	282	210	374	1305
3p	+	6	455	290	181	379	1305
3p	+	7	411	285	196	413	1305
3p	+	8	415	306	211	373	1305
3p	+	9	435	341	162	367	1305
3p	+	10	424	322	190	369	1305
3p	+	11	414	332	206	353	1305
3p	+	12	445	315	167	378	1305
3p	+	13	447	286	170	402	1305
3p	+	14	383	350	206	366	1305
3p	+	15	468	332	168	337	1305
3p	+	16	455	316	195	339	1305
3p	+	17	438	328	211	328	1305
3p	+	18	489	339	187	290	1305
3p	+	19	424	330	178	373	1305
3p	+	20	422	339	194	350	1305
3p	+	21	423	341	170	371	1305
3p	+	22	413	323	177	392	1305
3p	+	23	460	318	197	330	1305
3p	+	24	411	340	176	378	1305
3p	+	25	438	326	196	345	1305
3p	+	26	411	295	207	392	1305
3p	+	27	466	306	177	356	1305
3p	+	28	428	267	206	404	1305
3p	+	29	423	241	212	429	1305
3p	+	30	459	207	189	450	1305
3p	+	31	363	143	160	386	1052
3p	+	32	309	114	136	300	859
3p	+	33	232	116	96	226	670
3p	+	34	167	60	78	205	510
3p	+	35	144	53	72	127	396
3p	+	36	101	48	51	102	302
3p	+	37	73	33	34	94	234
3p	+	38	74	20	31	64	189
3p	+	39	56	19	19	56	150
3p	+	40	47	21	15	42	125
3p	+	41	35	17	17	37	106
3p	+	42	29	11	12	40	92
3p	+	43	26	7	17	19	69
3p	+	44	18	3	18	14	53
3p	+	45	15	2	4	15	36
3p	+	46	9	3	3	6	21
3p	+	47	2	1	4	8	15
3p	+	48	3	0	0	5	8
3p	+	49	2	0	0	2	4
3p	+	50	0	0	0	0	0
3p	+	51	0	0	0	0	0
3p	+	52	0	0	0	0	0
3p	+	53	0	0	0	0	0
3p	+	54	0	0	0	0	0
3p	+	55	0	0	0	0	0
3p	+	56	0	0	0	0	0
3p	+	57	0	0	0	0	0
3p	+	58	0	0	0	0	0
3p	+	59	0	0	0	0	0
3p	+	60	0	0	0	0	0
3p	+	61	0	0	0	0	0
3p	+	62	0	0	0	0	0
3p	+	63	0	0	0	0	0
3p	+	64	0	0	0	0	0
3p	+	65	0	0	0	0	0
3p	+	66	0	0	0	0	0
3p	+	67	0	0	0	0	0
3p	+	68	0	0	0	0	0
3p	+	69	0	0	0	0	0
3p	+	70	0	0	0	0	0
3p	+	71	0	0	0	0	0
3p	+	72	0	0	0	0	0
3p	+	73	0	0	0	0	0
3p	+	74	0	0	0	0	0
3p	+	75	0	0	0	0	0
3p	+	76	0	0	0	0	0
3p	+	77	0	0	0	0	0
3p	+	78	0	0	0	0	0
3p	+	79	0	0	0	0	0
3p	+	80	0	0	0	0	0
3p	+	81	0	0	0	0	0
3p	+	82	0	0	0	0	0
3p	+	83	0	0	0	0	0
3p	+	84	0	0	0	0	0
3p	+	85	0	0	0	0	0
3p	+	86	0	0	0	0	0
3p	+	87	0	0	0	0	0
3p	+	88	0	0	0	0	0
3p	+	89	0	0	0	0	0
3p	+	90	0	0	0	0	0
3p	+	91	0	0	0	0	0
3p	+	92	0	0	0	0	0
3p	+	93	0	0	0	0	0
3p	+	94	0	0	0	0	0
3p	+	95	0	0	0	0	0
3p	+	96	0	0	0	0	0
3p	+	97	0	0	0	0	0
3p	+	98	0	0	0	0	0
3p	+	99	0	0	0	0	0
3p	+	100	0	0	0	0	0
3p	-	1	470	119	609	1157	2355
3p	-	2	440	138	747	1030	2355
3p	-	3	693	161	682	819	2355
3p	-	4	607	184	735	829	2355
3p	-	5	618	214	637	886	2355
3p	-	6	608	240	658	849	2355
3p	-	7	603	247	681	824	2355
3p	-	8	584	247	688	836	2355
3p	-	9	670	250	661	774	2355
3p	-	10	610	242	671	832	2355
3p	-	11	634	264	618	839	2355
3p	-	12	613	267	679	796	2355
3p	-	13	556	286	688	825	2355
3p	-	14	600	309	634	812	2355
3p	-	15	612	286	684	773	2355
3p	-	16	595	270	690	800	2355
3p	-	17	595	305	654	801	2355
3p	-	18	613	287	685	770	2355
3p	-	19	580	240	713	822	2355
3p	-	20	582	303	679	791	2355
3p	-	21	634	270	642	809	2355
3p	-	22	608	298	636	813	2355
3p	-	23	607	287	659	802	2355
3p	-	24	639	278	647	791	2355
3p	-	25	599	266	703	787	2355
3p	-	26	657	254	637	807	2355
3p	-	27	698	237	673	747	2355
3p	-	28	626	206	715	808	2355
3p	-	29	595	211	672	877	2355
3p	-	30	631	180	669	875	2355
3p	-	31	521	128	592	780	2021
3p	-	32	469	102	477	645	1693
3p	-	33	405	94	396	520	1415
3p	-	34	309	74	366	433	1182
3p	-	35	241	57	315	344	957
3p	-	36	218	48	235	284	785
3p	-	37	168	43	192	242	645
3p	-	38	139	34	163	199	535
3p	-	39	112	33	121	166	432
3p	-	40	91	25	110	134	360
3p	-	41	87	20	76	117	300
3p	-	42	78	15	77	90	260
3p	-	43	50	13	55	83	201
3p	-	44	48	7	43	50	148
3p	-	45	22	5	32	45	104
3p	-	46	15	4	22	38	79
3p	-	47	11	1	19	19	50
3p	-	48	9	0	8	7	24
3p	-	49	3	0	6	4	13
3p	-	50	0	0	0	0	0
3p	-	51	0	0	0	0	0
3p	-	52	0	0	0	0	0
3p	-	53	0	0	0	0	0
3p	-	54	0	0	0	0	0
3p	-	55	0	0	0	0	0
3p	-	56	0	0	0	0	0
3p	-	57	0	0	0	0	0
3p	-	58	0	0	0	0	0
3p	-	59	0	0	0	0	0
3p	-	60	0	0	0	0	0
3p	-	61	0	0	0	0	0
3p	-	62	0	0	0	0	0
3p	-	63	0	0	0	0	0
3p	-	64	0	0	0	0	0
3p	-	65	0	0	0	0	0
3p	-	66	0	0	0	0	0
3p	-	67	0	0	0	0	0
3p	-	68	0	0	0	0	0
3p	-	69	0	0	0	0	0
3p	-	70	0	0	0	0	0
3p	-	71	0	0	0	0	0
3p	-	72	0	0	0	0	0
3p	-	73	0	0	0	0	0
3p	-	74	0	0	0	0	0
3p	-	75	0	0	0	0	0
3p	-	76	0	0	0	0	0
3p	-	77	0	0	0	0	0
3p	-	78	0	0	0	0	0
3p	-	79	0	0	0	0	0
3p	-	80	0	0	0	0	0
3p	-	81	0	0	0	0	0
3p	-	82	0	0	0	0	0
3p	-	83	0	0	0	0	0
3p	-	84	0	0	0	0	0
3p	-	85	0	0	0	0	0
3p	-	86	0	0	0	0	0
3p	-	87	0	0	0	0	0
3p	-	88	0	0	0	0	0
3p	-	89	0	0	0	0	0
3p	-	90	0	0	0	0	0
3p	-	91	0	0	0	0	0
3p	-	92	0	0	0	0	0
3p	-	93	0	0	0	0	0
3p	-	94	0	0	0	0	0
3p	-	95	0	0	0	0	0
3p	-	96	0	0	0	0	0
3p	-	97	0	0	0	0	0
3p	-	98	0	0	0	0	0
3p	-	99	0	0	0	0	0
3p	-	100	0	0	0	0	0
5p	+	1	438	89	216	562	1305
5p	+	2	444	162	202	497	1305
5p	+	3	452	192	204	457	1305
5p	+	4	444	231	207	423	1305
5p	+	5	457	265	200	383	1305
5p	+	6	408	297	204	396	1305
5p	+	7	433	311	175	386	1305
5p	+	8	453	310	164	378	1305
5p	+	9	422	312	208	363	1305
5p	+	10	431	318	195	361	1305
5p	+	11	418	320	201	366	1305
5p	+	12	431	318	183	373	1305
5p	+	13	451	323	180	351	1305
5p	+	14	473	322	186	324	1305
5p	+	15	432	326	185	362	1305
5p	+	16	428	345	198	334	1305
5p	+	17	480	322	184	319	1305
5p	+	18	429	309	183	384	1305
5p	+	19	432	332	214	327	1305
5p	+	20	403	361	196	345	1305
5p	+	21	441	316	176	372	1305
5p	+	22	436	334	195	340	1305
5p	+	23	431	321	167	386	1305
5p	+	24	440	342	175	348	1305
5p	+	25	411	336	174	384	1305
5p	+	26	419	323	197	366	1305
5p	+	27	434	284	209	378	1305
5p	+	28	447	282	201	375	1305
5p	+	29	429	279	169	428	1305
5p	+	30	404	217	191	493	1305
5p	+	31	322	159	160	411	1052
5p	+	32	289	101	135	334	859
5p	+	33	214	108	94	254	670
5p	+	34	179	75	60	196	510
5p	+	35	139	58	51	148	396
5p	+	36	101	49	49	103	302
5p	+	37	85	29	32	88	234
5p	+	38	61	31	27	70	189
5p	+	39	45	23	25	57	150
5p	+	40	42	13	20	50	125
5p	+	41	44	10	18	34	106
5p	+	42	30	8	15	39	92
5p	+	43	31	4	11	23	69
5p	+	44	15	7	10	21	53
5p	+	45	14	4	5	13	36
5p	+	46	2	3	4	12	21
5p	+	47	6	3	1	5	15
5p	+	48	5	0	0	3	8
5p	+	49	1	0	0	3	4
5p	+	50	0	0	0	0	0
5p	+	51	0	0	0	0	0
5p	+	52	0	0	0	0	0
5p	+	53	0	0	0	0	0
5p	+	54	0	0	0	0	0
5p	+	55	0	0	0	0	0
5p	+	56	0	0	0	0	0
5p	+	57	0	0	0	0	0
5p	+	58	0	0	0	0	0
5p	+	59	0	0	0	0	0
5p	+	60	0	0	0	0	0
5p	+	61	0	0	0	0	0
5p	+	62	0	0	0	0	0
5p	+	63	0	0	0	0	0
5p	+	64	0	0	0	0	0
5p	+	65	0	0	0	0	0
5p	+	66	0	0	0	0	0
5p	+	67	0	0	0	0	0
5p	+	68	0	0	0	0	0
5p	+	69	0	0	0	0	0
5p	+	70	0	0	0	0	0
5p	+	71	0	0	0	0	0
5p	+	72	0	0	0	0	0
5p	+	73	0	0	0	0	0
5p	+	74	0	0	0	0	0
5p	+	75	0	0	0	0	0
5p	+	76	0	0	0	0	0
5p	+	77	0	0	0	0	0
5p	+	78	0	0	0	0	0
5p	+	79	0	0	0	0	0
5p	+	80	0	0	0	0	0
5p	+	81	0	0	0	0	0
5p	+	82	0	0	0	0	0
5p	+	83	0	0	0	0	0
5p	+	84	0	0	0	0	0
5p	+	85	0	0	0	0	0
5p	+	86	0	0	0	0	0
5p	+	87	0	0	0	0	0
5p	+	88	0	0	0	0	0
5p	+	89	0	0	0	0	0
5p	+	90	0	0	0	0	0
5p	+	91	0	0	0	0	0
5p	+	92	0	0	0	0	0
5p	+	93	0	0	0	0	0
5p	+	94	0	0	0	0	0
5p	+	95	0	0	0	0	0
5p	+	96	0	0	0	0	0
5p	+	97	0	0	0	0	0
5p	+	98	0	0	0	0	0
5p	+	99	0	0	0	0	0
5p	+	100	0	0	0	0	0
5p	-	1	650	90	705	910	2355
5p	-	2	638	130	658	929	2355
5p	-	3	600	140	745	870	2355
5p	-	4	673	147	701	834	2355
5p	-	5	610	202	664	879	2355
5p	-	6	646	187	688	834	2355
5p	-	7	658	249	674	774	2355
5p	-	8	614	256	692	793	2355
5p	-	9	593	241	674	847	2355
5p	-	10	649	263	659	784	2355
5p	-	11	610	300	632	813	2355
5p	-	12	584	239	702	830	2355
5p	-	13	647	287	633	788	2355
5p	-	14	613	282	678	782	2355
5p	-	15	616	265	689	785	2355
5p	-	16	590	296	711	758	2355
5p	-	17	599	299	656	801	2355
5p	-	18	575	295	666	819	2355
5p	-	19	620	289	657	789	2355
5p	-	20	627	264	618	846	2355
5p	-	21	587	270	671	827	2355
5p	-	22	612	268	688	787	2355
5p	-	23	579	306	679	791	2355
5p	-	24	599	288	643	825	2355
5p	-	25	635	288	638	794	2355
5p	-	26	599	264	659	833	2355
5p	-	27	642	234	653	826	2355
5p	-	28	609	243	669	834	2355
5p	-	29	589	212	696	858	2355
5p	-	30	572	194	685	904	2355
5p	-	31	517	147	604	753	2021
5p	-	32	439	112	490	652	1693
5p	-	33	312	82	409	612	1415
5p	-	34	290	87	355	450	1182
5p	-	35	225	70	285	377	957
5p	-	36	194	55	209	327	785
5p	-	37	155	41	198	251	645
5p	-	38	130	43	158	204	535
5p	-	39	110	33	123	166	432
5p	-	40	81	22	110	147	360
5p	-	41	82	21	72	125	300
5p	-	42	45	14	80	121	260
5p	-	43	48	11	54	88	201
5p	-	44	42	7	48	51	148
5p	-	45	28	4	34	38	104
5p	-	46	21	6	19	33	79
5p	-	47	13	3	9	25	50
5p	-	48	5	2	7	10	24
5p	-	49	1	1	4	7	13
5p	-	50	0	0	0	0	0
5p	-	51	0	0	0	0	0
5p	-	52	0	0	0	0	0
5p	-	53	0	0	0	0	0
5p	-	54	0	0	0	0	0
5p	-	55	0	0	0	0	0
5p	-	56	0	0	0	0	0
5p	-	57	0	0	0	0	0
5p	-	58	0	0	0	0	0
5p	-	59	0	0	0	0	0
5p	-	60	0	0	0	0	0
5p	-	61	0	0	0	0	0
5p	-	62	0	0	0	0	0
5p	-	63	0	0	0	0	0
5p	-	64	0	0	0	0	0
5p	-	65	0	0	0	0	0
5p	-	66	0	0	0	0	0
5p	-	67	0	0	0	0	0
5p	-	68	0	0	0	0	0
5p	-	69	0	0	0	0	0
5p	-	70	0	0	0	0	0
5p	-	71	0	0	0	0	0
5p	-	72	0	0	0	0	0
5p	-	73	0	0	0	0	0
5p	-	74	0	0	0	0	0
5p	-	75	0	0	0	0	0
5p	-	76	0	0	0	0	0
5p	-	77	0	0	0	0	0
5p	-	78	0	0	0	0	0
5p	-	79	0	0	0	0	0
5p	-	80	0	0	0	0	0
5p	-	81	0	0	0	0	0
5p	-	82	0	0	0	0	0
5p	-	83	0	0	0	0	0
5p	-	84	0	0	0	0	0
5p	-	85	0	0	0	0	0
5p	-	86	0	0	0	0	0
5p	-	87	0	0	0	0	0
5p	-	88	0	0	0	0	0
5p	-	89	0	0	0	0	0
5p	-	90	0	0	0	0	0
5p	-	91	0	0	0	0	0
5p	-	92	0	0	0	0	0
5p	-	93	0	0	0	0	0
5p	-	94	0	0	0	0	0
5p	-	95	0	0	0	0	0
5p	-	96	0	0	0	0	0
5p	-	97	0	0	0	0	0
5p	-	98	0	0	0	0	0
5p	-	99	0	0	0	0	0
5p	-	100	0	0	0	0	0
