# Position (bp)	A	C	G	T	N
0.0	43.650629774932895	19.430105306628125	8.920090852777204	27.99917406566178	0.0
1.0	39.95457361139789	25.1909973157134	8.920090852777204	25.934338220111503	0.0
2.0	34.73053892215569	24.984513731158373	10.014453850918851	30.270493495767088	0.0
3.0	35.74230848647532	25.02581044806938	10.51001445385092	28.72186661160438	0.0
4.0	34.62729712987817	25.459425975634936	11.170761924427008	28.74251497005988	0.0
5.0	36.093330580218876	25.108403881891387	11.728267602725584	27.069997935164153	0.0
6.0	34.60664877142267	25.459425975634936	11.810861036547594	28.123064216394795	0.0
7.0	33.388395622548	27.60685525500723	12.67809209167871	26.326657030766054	0.0
8.0	34.524055337600664	25.76915135246748	11.831509395003097	27.87528391492876	0.0
9.0	33.55358249019203	27.689448688829238	12.058641338013627	26.698327482965105	0.0
10.0	32.39727441668387	28.618624819326865	12.058641338013627	26.925459425975635	0.0
11.0	33.63617592401404	26.14082180466653	12.347718356390667	27.87528391492876	0.0
12.0	34.441461903778645	26.42989882304357	12.67809209167871	26.450547181499072	0.0
13.0	34.503406979145154	26.718975841420605	12.099938054924634	26.677679124509602	0.0
14.0	33.01672517034896	27.17323972744167	12.017344621102623	27.792690481106753	0.0
15.0	34.35886846995664	27.441668387363205	12.5954986578567	25.603964484823454	0.0
16.0	32.83088994424943	26.88416270906463	13.194301053066281	27.090646293619656	0.0
17.0	33.409043981003514	27.93722899029527	12.161883130291141	26.491843898410078	0.0
18.0	34.255626677679125	28.35019615940533	11.335948792071031	26.058228370844517	0.0
19.0	33.388395622548	27.895932273384265	12.698740450134213	26.01693165393351	0.0
20.0	31.220317984720214	28.47408631013834	12.719388808589718	27.586206896551722	0.0
21.0	34.15238488540161	27.235184802808178	12.36836671484617	26.244063596944045	0.0
22.0	34.978319223621725	26.07887672930002	12.905224034689242	26.037580012389018	0.0
23.0	34.069791451579604	26.553788973776587	12.471608507123683	26.904811067520136	0.0
24.0	34.462110262234155	28.143712574850298	12.037992979558124	25.35618418335742	0.0
25.0	33.51228577328102	27.297129878174687	11.645674168903572	27.54491017964072	0.0
26.0	33.16126367953748	26.88416270906463	12.07928969646913	27.87528391492876	0.0
27.0	35.28804460045426	26.80156927524262	10.51001445385092	27.400371670452202	0.0
28.0	35.65971505265331	25.129052240346894	11.397893867437539	27.813338839562256	0.0
29.0	35.20545116663225	24.117282676027255	10.035102209374354	30.64216394796614	0.0
30.0	35.82017010935601	24.88456865127582	9.550425273390037	29.74483596597813	0.0
31.0	36.23733719247467	25.007235890014474	8.798842257597684	29.956584659913172	0.0
32.0	35.94192634560906	23.123229461756374	9.596317280453258	31.3385269121813	0.0
33.0	37.23684210526316	23.94736842105263	9.298245614035087	29.51754385964912	0.0
34.0	35.59782608695652	25.16304347826087	10.16304347826087	29.076086956521742	0.0
35.0	36.63299663299664	23.232323232323232	8.821548821548822	31.313131313131315	0.0
36.0	38.72053872053872	23.14814814814815	8.67003367003367	29.46127946127946	0.0
37.0	37.136929460580916	25.20746887966805	9.232365145228217	28.42323651452282	0.0
38.0	37.88265306122449	22.831632653061224	7.908163265306123	31.377551020408163	0.0
39.0	37.85488958990536	25.0788643533123	8.675078864353312	28.391167192429023	0.0
40.0	37.1868978805395	27.167630057803464	9.441233140655106	26.204238921001927	0.0
41.0	36.666666666666664	24.0	9.333333333333334	30.0	0.0
42.0	37.06896551724138	27.873563218390807	8.045977011494253	27.011494252873565	0.0
43.0	38.148148148148145	26.666666666666668	6.296296296296296	28.888888888888886	0.0
44.0	34.196891191709845	29.533678756476682	7.772020725388601	28.497409326424872	0.0
45.0	34.58646616541353	24.81203007518797	8.270676691729323	32.33082706766917	0.0
46.0	37.77777777777778	32.22222222222222	5.555555555555555	24.444444444444443	0.0
47.0	39.21568627450981	27.450980392156865	7.8431372549019605	25.49019607843137	0.0
48.0	28.57142857142857	28.57142857142857	9.523809523809524	33.33333333333333	0.0
