# Position (bp)	A	C	G	T	N
0.0	44.08308280951079	19.62284777261547	9.018857611369228	27.275211806504508	0.0
1.0	41.35009565455042	25.034162339437003	8.581579666575568	25.034162339437003	0.0
2.0	34.954905711943155	25.280131183383435	9.592784913910904	30.172178190762505	0.0
3.0	34.626947253347915	25.30746105493304	10.904618748291883	29.160972943427165	0.0
4.0	34.5996173817983	26.10002732987155	11.697185023230391	27.603170265099752	0.0
5.0	34.954905711943155	26.34599617381798	10.795299262093467	27.903798852145396	0.0
6.0	35.310194042088	26.154687072970756	10.877288876742279	27.657830008198964	0.0
7.0	35.25553429898879	26.31866630226838	12.298442197321673	26.12735720142115	0.0
8.0	33.56108226291337	26.537305274665208	12.271112325772068	27.630500136649356	0.0
9.0	35.03689532659197	25.252801311833835	12.65373052746652	27.05657283410768	0.0
10.0	34.05301995080623	26.646624760863624	13.282317573107406	26.018037715222736	0.0
11.0	34.02569007925663	26.482645531566	11.97048373872643	27.521180650450944	0.0
12.0	33.64307187756218	27.9584585952446	13.473626673954634	24.92484285323859	0.0
13.0	32.3858977862804	28.96966384257994	12.025143481825635	26.61929488931402	0.0
14.0	34.70893686799672	26.482645531566	12.462421426619295	26.34599617381798	0.0
15.0	33.8343809784094	27.57584039355015	13.063678600710576	25.526100027329875	0.0
16.0	33.69773162066138	28.559715769335885	12.571740912817711	25.170811697185023	0.0
17.0	33.0418147034709	28.477726154687073	12.517081169718502	25.96337797212353	0.0
18.0	33.23312380431812	27.2205520634053	13.2276578300082	26.31866630226838	0.0
19.0	33.58841213446297	27.739819622847772	13.30964744465701	25.36212079803225	0.0
20.0	33.99836020770702	27.521180650450944	12.708390270565728	25.772068871276304	0.0
21.0	34.51762776714949	27.931128723694997	11.505875922383165	26.045367586772343	0.0
22.0	34.27165892320306	26.12735720142115	13.09100847226018	26.509975403115604	0.0
23.0	32.795845859524455	27.1932221918557	13.282317573107406	26.728614375512432	0.0
24.0	33.88904072150861	26.482645531566	12.216452582672861	27.411861164252528	0.0
25.0	35.91145121617929	25.799398742825908	12.599070784367314	25.690079256627495	0.0
26.0	34.43563815250068	25.252801311833835	12.407761683520087	27.903798852145396	0.0
27.0	35.50150314293523	27.1932221918557	11.751844766329599	25.553429898879475	0.0
28.0	35.82946160153047	24.979502596337795	11.396556436184751	27.794479365946977	0.0
29.0	34.98223558349276	24.733533752391367	9.510795299262094	30.773435364853786	0.0
30.0	35.22319973932877	24.242424242424242	8.960573476702509	31.573802541544477	0.0
31.0	35.4296875	25.039062499999996	8.828125	30.703124999999996	0.0
32.0	35.908440629470675	25.131139723414403	8.536003814973773	30.424415832141154	0.0
33.0	35.58246828143022	25.317185697808537	8.996539792387544	30.103806228373703	0.0
34.0	35.06869125090383	26.60882140274765	8.821402747650037	29.50108459869848	0.0
35.0	37.97692990239574	25.998225377107364	7.187222715173027	28.837622005323873	0.0
36.0	37.48621830209482	26.130099228224918	7.386990077177508	28.996692392502755	0.0
37.0	34.74692202462381	27.086183310533517	8.891928864569083	29.2749658002736	0.0
38.0	35.23489932885906	29.026845637583893	6.879194630872483	28.859060402684566	0.0
39.0	38.413361169102295	25.887265135699373	7.515657620041753	28.18371607515658	0.0
40.0	35.483870967741936	24.069478908188586	7.6923076923076925	32.754342431761785	0.0
41.0	36.795252225519285	22.8486646884273	9.792284866468842	30.56379821958457	0.0
42.0	38.31417624521073	20.689655172413794	9.961685823754788	31.03448275862069	0.0
43.0	36.61971830985916	22.065727699530516	7.511737089201878	33.80281690140845	0.0
44.0	38.25503355704698	22.818791946308725	7.38255033557047	31.543624161073826	0.0
45.0	33.33333333333333	23.52941176470588	6.862745098039216	36.27450980392157	0.0
46.0	38.59649122807017	26.31578947368421	3.508771929824561	31.57894736842105	0.0
47.0	31.428571428571427	28.57142857142857	8.571428571428571	31.428571428571427	0.0
48.0	41.66666666666667	25.0	0.0	33.33333333333333	0.0
