# table produced by mapDamage version 2.0.9
# using mapped file /home/weingart/05-SEN_cap_eager_results/01-horse/SEN001.A0101.MC1.1/5-DeDup/SEN001.A0101.MC1.1_S0_L007_R1_001.fastq.truncated.prefixed.MT_realigned.mappedonly.sorted.qF.sorted.cleaned_rmdup.sorted.bam and /home/weingart/01-references/mt_ref/horse_mt_ref/NC_001640_1.fasta as reference file
# Chr: reference from sam/bam header, End: from which termini of DNA sequences, Std: strand of reads
Chr	End	Std	Pos	A	C	G	T	Total	G>A	C>T	A>G	T>C	A>C	A>T	C>G	C>A	T>G	T>A	G>C	G>T	A>-	T>-	C>-	G>-	->A	->T	->C	->G	S
*	3p	+	1	137	228	73	351	789	3	140	2	1	0	1	0	0	0	0	0	0	0	0	0	0	0	0	0	0	0
*	3p	+	2	237	186	102	264	789	1	83	1	0	0	0	0	0	0	0	1	0	0	0	0	0	0	0	0	0	0
*	3p	+	3	295	189	90	215	789	4	65	1	0	0	2	0	0	0	0	0	0	0	0	0	0	0	0	0	0	0
*	3p	+	4	262	214	105	208	789	1	31	0	0	0	0	0	0	0	0	0	0	0	0	0	0	0	0	0	0	0
*	3p	+	5	259	198	123	209	789	0	22	1	1	0	0	0	0	0	0	0	0	0	0	0	0	0	0	0	0	0
*	3p	+	6	294	199	99	197	789	1	16	0	0	0	0	0	0	0	0	0	0	0	0	0	0	0	0	0	0	0
*	3p	+	7	278	189	98	224	789	3	14	2	2	0	0	0	0	0	0	0	0	0	0	0	0	0	0	0	0	0
*	3p	+	8	255	187	116	231	789	0	13	0	0	0	0	1	0	0	0	0	0	0	0	0	0	0	0	0	0	0
*	3p	+	9	287	194	111	197	789	2	12	0	1	0	0	0	0	0	0	0	0	0	0	0	0	0	0	0	0	0
*	3p	+	10	291	206	106	186	789	1	9	0	0	0	0	0	0	0	1	0	0	1	0	0	0	0	0	0	0	0
*	3p	+	11	254	207	122	206	789	0	6	0	1	0	0	0	0	0	0	0	0	0	0	1	0	0	0	0	0	0
*	3p	+	12	295	196	99	198	788	1	9	1	1	0	0	0	0	0	0	0	0	0	0	0	0	0	1	0	0	0
*	3p	+	13	269	196	106	218	789	1	6	0	0	0	0	0	0	1	0	0	0	0	0	0	0	0	0	0	0	0
*	3p	+	14	256	199	130	204	789	0	9	0	1	1	0	0	0	0	0	0	0	0	0	0	0	0	0	0	0	0
*	3p	+	15	260	196	120	213	789	1	10	1	1	0	0	0	0	0	0	0	0	1	0	1	0	0	0	0	0	0
*	3p	+	16	254	217	116	202	789	1	12	1	1	1	0	0	0	0	0	0	0	0	0	0	0	0	0	0	0	0
*	3p	+	17	271	207	113	197	788	0	4	1	0	1	0	0	0	0	0	0	0	0	0	0	0	0	1	0	0	0
*	3p	+	18	276	212	106	195	789	1	8	2	3	0	0	0	0	0	0	0	0	0	0	1	0	0	0	0	0	0
*	3p	+	19	267	208	98	216	789	1	7	2	1	0	0	0	0	0	0	0	0	2	0	0	0	0	0	0	0	0
*	3p	+	20	253	204	122	209	788	1	6	2	3	0	0	0	0	0	0	0	1	2	0	0	0	0	0	1	0	0
*	3p	+	21	264	228	109	187	788	0	7	3	1	0	0	0	0	0	0	0	0	0	0	0	0	0	0	1	0	0
*	3p	+	22	260	219	103	207	789	2	7	0	0	0	0	0	0	0	0	0	0	0	0	0	0	0	0	0	0	0
*	3p	+	23	234	220	105	230	789	0	6	0	1	0	0	0	0	0	0	0	0	0	1	0	0	0	0	0	0	0
*	3p	+	24	249	221	108	210	788	1	11	0	3	0	0	0	0	0	0	0	0	0	0	1	0	0	0	1	0	0
*	3p	+	25	274	203	100	212	789	4	10	1	1	0	0	0	0	0	0	0	0	0	0	0	0	0	0	0	0	0
*	3p	+	26	278	188	94	229	789	2	14	1	2	0	0	0	0	0	1	0	0	1	0	0	0	0	0	0	0	0
*	3p	+	27	272	212	102	203	789	0	17	0	2	0	0	0	1	0	0	0	0	0	0	0	0	0	0	0	0	0
*	3p	+	28	301	179	101	207	788	1	28	1	1	0	0	0	0	0	0	0	0	0	1	0	0	0	0	1	0	0
*	3p	+	29	279	187	125	197	788	1	36	1	0	0	0	0	0	0	0	1	0	0	0	0	0	0	1	0	0	0
*	3p	+	30	281	188	106	214	789	1	49	3	0	1	1	0	1	0	1	0	0	0	0	0	0	0	0	0	0	0
*	3p	+	31	242	180	75	179	676	0	53	1	3	0	0	0	0	0	0	0	0	0	0	0	0	0	1	0	0	0
*	3p	+	32	184	162	96	135	577	0	47	0	0	0	0	0	1	0	1	0	0	0	0	1	0	0	0	0	0	0
*	3p	+	33	178	102	54	143	477	0	36	0	1	1	0	0	0	0	0	0	0	0	0	0	0	0	0	0	0	0
*	3p	+	34	125	111	41	118	395	2	39	0	0	1	0	0	0	0	0	0	0	0	0	0	0	1	0	0	0	0
*	3p	+	35	107	73	45	99	324	0	22	0	0	0	0	0	0	0	0	0	0	0	0	0	0	0	1	0	0	0
*	3p	+	36	126	55	37	57	275	1	16	1	0	0	0	0	0	0	0	0	0	0	0	0	0	0	1	0	0	0
*	3p	+	37	85	65	32	56	238	0	23	3	0	0	0	0	0	0	0	0	0	0	0	0	0	0	0	0	0	0
*	3p	+	38	61	46	27	67	201	0	14	1	2	0	0	0	0	0	0	0	0	0	0	0	0	0	0	0	0	0
*	3p	+	39	60	35	29	40	164	1	12	0	0	0	0	0	0	0	0	0	0	0	0	0	0	0	0	0	0	0
*	3p	+	40	46	32	21	40	139	0	10	0	0	0	0	0	0	0	0	0	0	0	0	0	0	0	2	0	0	0
*	3p	+	41	43	28	16	35	122	0	11	0	0	1	0	0	0	0	0	0	0	0	0	0	0	0	1	2	0	0
*	3p	+	42	32	34	13	34	113	0	11	0	0	1	1	0	0	0	0	0	0	0	0	0	0	0	0	0	0	0
*	3p	+	43	26	22	16	27	91	0	9	0	0	0	0	0	0	0	0	0	2	0	0	0	0	0	1	0	0	0
*	3p	+	44	20	9	8	35	72	0	4	1	0	0	0	0	0	0	0	0	0	0	0	0	0	0	1	0	0	0
*	3p	+	45	22	15	4	16	57	0	4	0	1	0	0	0	0	0	0	0	0	0	0	0	0	0	0	0	0	0
*	3p	+	46	21	8	7	13	49	0	2	0	0	0	0	0	1	0	0	0	0	0	0	0	0	0	0	0	0	0
*	3p	+	47	12	8	5	6	31	0	4	0	0	0	0	0	0	0	0	0	0	0	0	0	0	0	0	0	0	0
*	3p	+	48	10	4	4	6	24	0	1	0	0	0	0	0	0	0	0	0	0	0	0	0	0	0	0	0	0	0
*	3p	+	49	4	4	1	8	17	0	0	0	0	0	0	0	0	0	0	0	0	0	0	0	0	0	0	0	0	0
*	3p	+	50	6	3	0	4	13	0	2	0	0	0	0	0	0	0	0	0	0	0	0	0	0	0	0	0	0	0
*	3p	+	51	6	2	1	1	10	0	1	0	0	0	0	0	0	0	1	0	0	0	0	0	0	0	0	0	0	0
*	3p	+	52	5	2	1	2	10	0	0	0	0	0	0	0	0	0	0	0	0	0	0	0	0	0	0	0	0	0
*	3p	+	53	4	3	1	2	10	0	1	0	0	0	0	0	0	0	0	0	0	0	0	0	0	0	0	0	0	0
*	3p	+	54	2	3	0	1	6	0	1	0	0	0	0	0	0	0	0	0	0	0	0	0	0	0	0	0	0	0
*	3p	+	55	2	1	0	2	5	0	0	0	0	0	0	0	0	0	0	0	0	0	0	0	0	0	0	0	0	0
*	3p	+	56	0	0	2	3	5	0	0	0	0	0	0	0	0	0	0	0	0	0	0	0	0	0	0	0	0	0
*	3p	+	57	2	1	0	1	4	0	1	0	0	0	0	0	0	0	0	0	0	0	0	0	0	0	0	0	0	0
*	3p	+	58	1	1	0	1	3	0	0	0	0	0	0	0	0	0	0	0	0	0	0	0	0	0	0	0	0	0
*	3p	+	59	0	2	0	0	2	0	0	0	0	0	0	0	0	0	0	0	0	0	0	0	0	0	0	0	0	0
*	3p	+	60	0	0	0	2	2	0	0	0	0	0	0	0	0	0	0	0	0	0	0	0	0	0	0	0	0	0
*	3p	+	61	1	0	0	0	1	0	0	0	0	0	0	0	0	0	0	0	0	0	0	0	0	0	0	0	0	0
*	3p	+	62	0	1	0	0	1	0	0	0	0	0	0	0	0	0	0	0	0	0	0	0	0	0	0	0	0	0
*	3p	+	63	0	1	0	0	1	0	0	0	0	0	0	0	0	0	0	0	0	0	0	0	0	0	0	0	0	0
*	3p	+	64	0	0	1	0	1	0	0	0	0	0	0	0	0	0	0	0	0	0	0	0	0	0	0	0	0	0
*	3p	+	65	1	0	0	0	1	0	0	0	0	0	0	0	0	0	0	0	0	0	0	0	0	0	0	0	0	0
*	3p	+	66	0	1	0	0	1	0	0	0	0	0	0	0	0	0	0	0	0	0	0	0	0	0	0	0	0	0
*	3p	+	67	0	0	1	0	1	0	0	0	0	0	0	0	0	0	0	0	0	0	0	0	0	0	0	0	0	0
*	3p	+	68	1	0	0	0	1	0	0	0	0	0	0	0	0	0	0	0	0	0	0	0	0	0	0	0	0	0
*	3p	+	69	1	0	0	0	1	0	0	0	0	0	0	0	0	0	0	0	0	0	0	0	0	0	0	0	0	0
*	3p	+	70	1	0	0	0	1	0	0	0	0	0	0	0	0	0	0	0	0	0	0	0	0	0	0	0	0	0
*	3p	+	71	1	0	0	0	1	0	0	0	0	0	1	0	0	0	0	0	0	0	0	0	0	0	0	0	0	0
*	3p	+	72	0	0	0	1	1	0	0	0	1	0	0	0	0	0	0	0	0	0	0	0	0	0	0	0	0	0
*	3p	+	73	0	0	0	1	1	0	0	0	0	0	0	0	0	0	0	0	0	0	0	0	0	0	0	0	0	0
*	3p	+	74	0	1	0	0	1	0	0	0	0	0	0	0	1	0	0	0	0	0	0	0	0	0	0	0	0	0
*	3p	+	75	0	0	1	0	1	0	0	0	0	0	0	0	0	0	0	0	0	0	0	0	0	0	0	0	0	0
*	3p	+	76	0	0	0	0	0	0	0	0	0	0	0	0	0	0	0	0	0	0	0	0	0	0	0	0	0	0
*	3p	+	77	0	0	0	0	0	0	0	0	0	0	0	0	0	0	0	0	0	0	0	0	0	0	0	0	0	0
*	3p	+	78	0	0	0	0	0	0	0	0	0	0	0	0	0	0	0	0	0	0	0	0	0	0	0	0	0	0
*	3p	+	79	0	0	0	0	0	0	0	0	0	0	0	0	0	0	0	0	0	0	0	0	0	0	0	0	0	0
*	3p	+	80	0	0	0	0	0	0	0	0	0	0	0	0	0	0	0	0	0	0	0	0	0	0	0	0	0	0
*	3p	+	81	0	0	0	0	0	0	0	0	0	0	0	0	0	0	0	0	0	0	0	0	0	0	0	0	0	0
*	3p	+	82	0	0	0	0	0	0	0	0	0	0	0	0	0	0	0	0	0	0	0	0	0	0	0	0	0	0
*	3p	+	83	0	0	0	0	0	0	0	0	0	0	0	0	0	0	0	0	0	0	0	0	0	0	0	0	0	0
*	3p	+	84	0	0	0	0	0	0	0	0	0	0	0	0	0	0	0	0	0	0	0	0	0	0	0	0	0	0
*	3p	+	85	0	0	0	0	0	0	0	0	0	0	0	0	0	0	0	0	0	0	0	0	0	0	0	0	0	0
*	3p	+	86	0	0	0	0	0	0	0	0	0	0	0	0	0	0	0	0	0	0	0	0	0	0	0	0	0	0
*	3p	+	87	0	0	0	0	0	0	0	0	0	0	0	0	0	0	0	0	0	0	0	0	0	0	0	0	0	0
*	3p	+	88	0	0	0	0	0	0	0	0	0	0	0	0	0	0	0	0	0	0	0	0	0	0	0	0	0	0
*	3p	+	89	0	0	0	0	0	0	0	0	0	0	0	0	0	0	0	0	0	0	0	0	0	0	0	0	0	0
*	3p	+	90	0	0	0	0	0	0	0	0	0	0	0	0	0	0	0	0	0	0	0	0	0	0	0	0	0	0
*	3p	+	91	0	0	0	0	0	0	0	0	0	0	0	0	0	0	0	0	0	0	0	0	0	0	0	0	0	0
*	3p	+	92	0	0	0	0	0	0	0	0	0	0	0	0	0	0	0	0	0	0	0	0	0	0	0	0	0	0
*	3p	+	93	0	0	0	0	0	0	0	0	0	0	0	0	0	0	0	0	0	0	0	0	0	0	0	0	0	0
*	3p	+	94	0	0	0	0	0	0	0	0	0	0	0	0	0	0	0	0	0	0	0	0	0	0	0	0	0	0
*	3p	+	95	0	0	0	0	0	0	0	0	0	0	0	0	0	0	0	0	0	0	0	0	0	0	0	0	0	0
*	3p	+	96	0	0	0	0	0	0	0	0	0	0	0	0	0	0	0	0	0	0	0	0	0	0	0	0	0	0
*	3p	+	97	0	0	0	0	0	0	0	0	0	0	0	0	0	0	0	0	0	0	0	0	0	0	0	0	0	0
*	3p	+	98	0	0	0	0	0	0	0	0	0	0	0	0	0	0	0	0	0	0	0	0	0	0	0	0	0	0
*	3p	+	99	0	0	0	0	0	0	0	0	0	0	0	0	0	0	0	0	0	0	0	0	0	0	0	0	0	0
*	3p	+	100	0	0	0	0	0	0	0	0	0	0	0	0	0	0	0	0	0	0	0	0	0	0	0	0	0	0
*	3p	-	1	131	140	180	587	1038	4	90	3	4	1	0	1	0	1	1	0	0	0	0	0	0	0	0	0	0	1
*	3p	-	2	244	184	209	401	1038	4	99	4	1	0	0	0	1	0	0	0	0	0	0	0	0	0	0	0	0	1
*	3p	-	3	264	145	272	357	1038	5	52	6	1	0	0	0	0	0	0	0	0	0	0	0	0	0	0	0	0	1
*	3p	-	4	233	131	281	392	1037	3	42	1	1	0	0	0	0	2	0	0	0	0	1	1	0	0	0	0	1	1
*	3p	-	5	277	122	286	353	1038	1	27	6	3	0	0	0	0	1	0	0	0	0	0	0	0	0	0	0	0	1
*	3p	-	6	275	123	259	381	1038	4	17	3	5	0	1	0	0	1	0	0	1	0	1	0	0	0	0	0	0	1
*	3p	-	7	264	127	254	392	1037	1	13	3	2	0	0	0	0	0	0	0	0	0	0	1	0	0	1	0	0	1
*	3p	-	8	282	138	255	363	1038	2	12	4	1	0	1	0	2	0	0	0	0	0	1	0	0	0	0	0	0	1
*	3p	-	9	313	120	245	359	1037	5	11	1	2	0	0	0	0	0	0	0	0	0	0	0	0	0	0	0	0	0
*	3p	-	10	238	135	285	379	1037	1	11	3	1	0	0	0	0	0	0	0	2	2	0	0	0	0	0	0	0	0
*	3p	-	11	264	146	252	375	1037	5	5	1	0	0	0	0	0	0	0	0	0	0	0	1	0	0	0	0	0	0
*	3p	-	12	303	137	250	347	1037	0	8	1	3	0	0	0	1	0	0	0	0	0	0	0	0	0	0	0	0	0
*	3p	-	13	250	153	278	356	1037	2	14	6	2	0	0	0	0	0	0	0	0	0	0	0	0	0	0	0	0	0
*	3p	-	14	273	120	287	356	1036	2	2	2	0	0	0	0	1	0	0	0	1	0	0	0	0	0	0	0	1	0
*	3p	-	15	298	131	278	330	1037	1	4	4	5	0	1	0	0	0	0	0	0	1	0	0	0	0	0	0	0	0
*	3p	-	16	279	132	264	362	1037	3	6	4	3	0	0	0	0	0	0	0	0	0	1	0	0	0	0	0	0	0
*	3p	-	17	300	161	276	300	1037	0	4	2	0	0	0	0	0	0	0	0	0	0	0	0	0	0	0	0	0	0
*	3p	-	18	271	130	316	320	1037	5	8	0	3	0	0	0	0	0	0	0	0	0	1	0	0	0	0	0	0	0
*	3p	-	19	255	165	280	336	1036	2	9	3	3	0	0	0	0	0	0	0	0	0	2	0	0	0	0	0	1	0
*	3p	-	20	241	163	267	366	1037	2	8	5	0	0	0	0	0	0	0	0	0	1	1	0	0	0	0	0	0	0
*	3p	-	21	290	126	278	342	1036	4	4	2	0	0	1	0	1	0	0	0	2	0	0	0	1	0	1	0	0	0
*	3p	-	22	277	124	275	360	1036	3	6	1	3	0	1	0	0	0	0	0	1	0	0	0	0	0	0	0	1	0
*	3p	-	23	291	142	273	330	1036	2	9	2	1	0	1	0	0	0	0	0	2	0	0	0	1	0	0	1	0	0
*	3p	-	24	268	149	282	338	1037	5	12	1	0	1	0	0	0	0	1	0	2	0	0	0	0	0	0	0	0	0
*	3p	-	25	250	146	284	356	1036	3	17	2	2	1	0	0	0	0	0	0	0	0	0	0	0	0	0	0	0	0
*	3p	-	26	276	145	258	357	1036	4	14	2	2	0	0	0	0	0	0	0	0	0	0	0	0	0	0	0	0	0
*	3p	-	27	310	134	268	324	1036	0	16	3	1	0	0	0	0	0	0	0	0	3	0	0	0	0	0	0	0	0
*	3p	-	28	257	142	267	369	1035	2	29	3	2	0	0	0	0	1	0	0	0	0	0	0	0	0	0	1	0	0
*	3p	-	29	258	131	275	372	1036	1	18	2	1	0	0	0	0	0	0	0	0	0	0	0	0	0	0	0	0	0
*	3p	-	30	278	121	255	381	1035	4	32	4	1	0	0	0	0	2	0	1	1	0	1	0	0	0	1	0	0	0
*	3p	-	31	170	114	224	372	880	0	30	1	0	0	0	0	2	0	0	0	1	1	0	0	0	0	0	0	0	0
*	3p	-	32	185	108	170	282	745	2	32	2	0	0	0	0	0	0	0	0	0	0	0	0	0	0	1	0	0	0
*	3p	-	33	184	77	154	206	621	0	24	6	1	0	0	0	0	0	0	0	0	0	0	0	0	0	1	0	0	0
*	3p	-	34	142	60	145	190	537	1	29	2	1	1	1	0	0	0	0	0	0	0	0	0	0	0	0	0	0	0
*	3p	-	35	118	65	93	178	454	0	19	3	1	0	0	0	0	0	0	1	1	0	0	0	0	0	0	0	0	0
*	3p	-	36	108	49	86	145	388	1	19	0	0	0	1	0	1	0	0	0	1	0	0	0	0	0	0	0	0	0
*	3p	-	37	78	44	75	120	317	0	17	1	1	0	0	0	0	0	0	0	0	0	0	0	0	0	0	0	0	0
*	3p	-	38	57	43	50	118	268	0	16	1	0	0	0	0	0	0	0	0	0	1	0	0	0	0	0	0	0	0
*	3p	-	39	63	28	50	83	224	0	9	1	0	1	0	0	0	0	0	0	0	0	0	0	0	0	0	0	0	0
*	3p	-	40	48	25	46	72	191	0	8	1	1	0	0	0	0	0	0	0	0	0	1	0	0	0	0	0	0	0
*	3p	-	41	39	22	44	60	165	0	7	1	1	0	2	0	0	0	0	0	3	1	0	0	0	0	0	0	0	0
*	3p	-	42	33	25	31	49	138	0	12	0	0	0	0	0	0	0	0	0	0	0	0	0	0	0	0	0	0	0
*	3p	-	43	31	20	21	46	118	0	6	0	0	0	0	0	0	0	0	1	0	0	0	1	0	0	0	0	0	0
*	3p	-	44	25	19	27	31	102	2	8	1	0	1	0	0	0	0	0	0	1	0	0	0	0	0	0	0	0	0
*	3p	-	45	22	12	15	28	77	0	3	0	0	0	0	0	0	0	0	0	0	0	0	0	0	0	0	0	0	0
*	3p	-	46	21	9	10	21	61	0	3	0	0	0	1	0	0	0	0	0	0	0	0	0	0	0	0	0	0	0
*	3p	-	47	8	2	15	25	50	0	1	0	0	0	0	0	0	0	0	0	0	0	0	0	0	0	0	0	0	0
*	3p	-	48	10	6	8	18	42	0	4	0	0	0	0	0	0	0	0	0	0	0	0	0	0	0	0	0	0	0
*	3p	-	49	7	4	6	13	30	0	1	0	0	0	0	0	0	0	0	0	0	0	0	0	0	0	0	0	0	0
*	3p	-	50	4	4	7	11	26	0	1	0	0	0	0	0	0	0	0	0	0	0	0	0	0	0	0	0	0	0
*	3p	-	51	7	4	6	3	20	0	1	0	0	0	1	0	0	0	0	0	0	0	0	0	0	0	0	0	0	0
*	3p	-	52	2	4	6	6	18	0	0	0	0	0	0	0	0	0	0	0	0	0	0	0	0	0	0	0	0	0
*	3p	-	53	3	3	3	6	15	0	0	1	0	0	0	0	0	0	0	0	0	0	0	0	0	0	0	0	0	0
*	3p	-	54	6	2	4	1	13	0	0	0	0	0	0	0	0	0	0	0	0	0	0	0	0	0	0	0	0	0
*	3p	-	55	5	3	1	3	12	0	1	0	0	0	0	0	0	0	0	0	0	0	0	0	0	0	0	0	0	0
*	3p	-	56	2	1	3	5	11	0	0	0	0	0	0	0	0	0	0	0	0	0	0	0	0	0	0	0	0	0
*	3p	-	57	2	3	1	3	9	0	1	0	0	0	0	0	0	0	0	0	0	0	0	0	0	0	0	0	0	0
*	3p	-	58	4	1	0	4	9	0	0	0	0	0	0	0	0	0	0	0	0	0	0	0	0	0	0	0	0	0
*	3p	-	59	3	1	0	2	6	0	0	0	0	0	0	0	0	0	0	0	0	0	0	0	0	0	0	0	0	0
*	3p	-	60	3	1	1	1	6	0	1	0	0	0	0	0	0	0	0	0	0	0	0	0	0	0	0	0	0	0
*	3p	-	61	2	2	0	1	5	0	1	0	0	0	0	0	0	0	0	0	0	0	0	0	0	0	0	0	0	0
*	3p	-	62	1	2	2	0	5	0	0	0	0	0	0	0	0	0	0	0	0	0	0	0	0	0	0	0	0	0
*	3p	-	63	4	0	0	1	5	0	0	0	0	0	0	0	0	0	0	0	0	0	0	0	0	0	0	0	0	0
*	3p	-	64	2	1	0	1	4	0	0	0	0	0	0	0	0	0	0	0	0	0	0	0	0	0	0	0	0	0
*	3p	-	65	0	1	1	1	3	0	0	0	0	0	0	0	0	0	0	0	0	0	0	0	0	0	0	0	0	0
*	3p	-	66	1	1	0	1	3	0	0	0	0	0	0	0	0	0	0	0	0	0	0	0	0	0	0	0	0	0
*	3p	-	67	2	0	0	0	2	0	0	0	0	0	0	0	0	0	0	0	0	0	0	0	0	0	0	0	0	0
*	3p	-	68	1	0	1	0	2	0	0	0	0	0	0	0	0	0	0	0	0	0	0	0	0	0	0	0	0	0
*	3p	-	69	0	0	2	0	2	0	0	0	0	0	0	0	0	0	0	0	0	0	0	0	0	0	0	0	0	0
*	3p	-	70	0	0	1	1	2	1	0	0	0	0	0	0	0	0	0	0	0	0	0	0	0	0	0	0	0	0
*	3p	-	71	0	1	0	0	1	0	0	0	0	0	0	0	0	0	0	0	0	0	0	0	0	0	0	0	0	0
*	3p	-	72	0	0	0	1	1	0	0	0	0	0	0	0	0	0	0	0	0	0	0	0	0	0	0	0	0	0
*	3p	-	73	0	0	1	0	1	0	0	0	0	0	0	0	0	0	0	0	0	0	0	0	0	0	0	0	0	0
*	3p	-	74	0	0	1	0	1	0	0	0	0	0	0	0	0	0	0	0	0	0	0	0	0	0	0	0	0	0
*	3p	-	75	0	1	0	0	1	0	0	0	0	0	0	0	0	0	0	0	0	0	0	0	0	0	0	0	0	0
*	3p	-	76	0	1	0	0	1	0	0	0	0	0	0	0	0	0	0	0	0	0	0	0	0	0	0	0	0	0
*	3p	-	77	0	0	0	0	0	0	0	0	0	0	0	0	0	0	0	0	0	0	0	0	0	0	0	0	0	0
*	3p	-	78	0	0	0	0	0	0	0	0	0	0	0	0	0	0	0	0	0	0	0	0	0	0	0	0	0	0
*	3p	-	79	0	0	0	0	0	0	0	0	0	0	0	0	0	0	0	0	0	0	0	0	0	0	0	0	0	0
*	3p	-	80	0	0	0	0	0	0	0	0	0	0	0	0	0	0	0	0	0	0	0	0	0	0	0	0	0	0
*	3p	-	81	0	0	0	0	0	0	0	0	0	0	0	0	0	0	0	0	0	0	0	0	0	0	0	0	0	0
*	3p	-	82	0	0	0	0	0	0	0	0	0	0	0	0	0	0	0	0	0	0	0	0	0	0	0	0	0	0
*	3p	-	83	0	0	0	0	0	0	0	0	0	0	0	0	0	0	0	0	0	0	0	0	0	0	0	0	0	0
*	3p	-	84	0	0	0	0	0	0	0	0	0	0	0	0	0	0	0	0	0	0	0	0	0	0	0	0	0	0
*	3p	-	85	0	0	0	0	0	0	0	0	0	0	0	0	0	0	0	0	0	0	0	0	0	0	0	0	0	0
*	3p	-	86	0	0	0	0	0	0	0	0	0	0	0	0	0	0	0	0	0	0	0	0	0	0	0	0	0	0
*	3p	-	87	0	0	0	0	0	0	0	0	0	0	0	0	0	0	0	0	0	0	0	0	0	0	0	0	0	0
*	3p	-	88	0	0	0	0	0	0	0	0	0	0	0	0	0	0	0	0	0	0	0	0	0	0	0	0	0	0
*	3p	-	89	0	0	0	0	0	0	0	0	0	0	0	0	0	0	0	0	0	0	0	0	0	0	0	0	0	0
*	3p	-	90	0	0	0	0	0	0	0	0	0	0	0	0	0	0	0	0	0	0	0	0	0	0	0	0	0	0
*	3p	-	91	0	0	0	0	0	0	0	0	0	0	0	0	0	0	0	0	0	0	0	0	0	0	0	0	0	0
*	3p	-	92	0	0	0	0	0	0	0	0	0	0	0	0	0	0	0	0	0	0	0	0	0	0	0	0	0	0
*	3p	-	93	0	0	0	0	0	0	0	0	0	0	0	0	0	0	0	0	0	0	0	0	0	0	0	0	0	0
*	3p	-	94	0	0	0	0	0	0	0	0	0	0	0	0	0	0	0	0	0	0	0	0	0	0	0	0	0	0
*	3p	-	95	0	0	0	0	0	0	0	0	0	0	0	0	0	0	0	0	0	0	0	0	0	0	0	0	0	0
*	3p	-	96	0	0	0	0	0	0	0	0	0	0	0	0	0	0	0	0	0	0	0	0	0	0	0	0	0	0
*	3p	-	97	0	0	0	0	0	0	0	0	0	0	0	0	0	0	0	0	0	0	0	0	0	0	0	0	0	0
*	3p	-	98	0	0	0	0	0	0	0	0	0	0	0	0	0	0	0	0	0	0	0	0	0	0	0	0	0	0
*	3p	-	99	0	0	0	0	0	0	0	0	0	0	0	0	0	0	0	0	0	0	0	0	0	0	0	0	0	0
*	3p	-	100	0	0	0	0	0	0	0	0	0	0	0	0	0	0	0	0	0	0	0	0	0	0	0	0	0	0
*	5p	+	1	193	224	60	311	788	1	151	1	0	1	2	0	1	0	0	0	0	0	0	0	0	0	0	0	0	0
*	5p	+	2	285	199	118	186	788	0	91	2	1	1	0	0	1	0	1	1	0	0	0	0	0	0	1	0	0	0
*	5p	+	3	319	161	123	184	787	1	52	3	0	0	0	0	0	0	2	0	1	0	0	1	0	0	2	0	0	0
*	5p	+	4	272	195	97	222	786	0	53	1	2	1	0	0	0	0	0	0	1	0	0	0	0	0	2	1	0	0
*	5p	+	5	279	206	83	219	787	1	31	0	2	1	1	0	1	0	0	0	0	0	0	0	0	0	1	1	0	0
*	5p	+	6	296	179	97	214	786	0	17	0	0	1	0	0	0	0	0	0	0	0	0	0	0	0	2	1	0	0
*	5p	+	7	276	192	110	209	787	1	18	0	2	0	0	0	0	0	0	0	0	0	0	0	0	0	1	1	0	0
*	5p	+	8	290	182	118	199	789	0	15	1	2	0	0	0	0	0	0	0	0	0	0	0	0	0	0	0	0	0
*	5p	+	9	301	194	112	182	789	3	13	2	1	0	0	0	0	0	0	0	0	0	1	0	0	0	0	0	0	0
*	5p	+	10	243	208	117	220	788	0	6	1	1	0	0	0	0	0	1	0	0	0	0	0	0	1	0	0	0	0
*	5p	+	11	265	232	104	188	789	1	4	2	0	0	0	0	0	0	0	0	0	0	0	1	0	0	0	0	0	0
*	5p	+	12	270	198	116	204	788	1	12	4	1	0	0	0	0	0	0	0	0	0	0	0	0	0	0	1	0	0
*	5p	+	13	255	198	115	221	789	1	10	0	6	0	0	0	0	0	0	0	0	2	0	0	0	0	0	0	0	0
*	5p	+	14	271	228	104	186	789	1	11	0	0	0	0	0	1	0	0	0	0	0	0	0	0	0	0	0	0	0
*	5p	+	15	246	199	135	209	789	3	6	1	1	0	0	0	0	0	0	0	0	0	0	1	0	0	0	0	0	0
*	5p	+	16	269	201	122	197	789	0	4	0	1	1	0	0	0	0	0	0	0	0	0	0	0	0	0	0	0	0
*	5p	+	17	273	233	93	190	789	1	13	3	1	0	0	0	0	0	0	0	0	0	0	1	0	0	0	0	0	0
*	5p	+	18	259	198	132	200	789	1	8	0	0	0	0	0	0	0	0	0	1	0	0	0	0	0	0	0	0	0
*	5p	+	19	280	201	96	211	788	0	9	0	1	0	0	0	1	0	0	0	0	0	0	0	0	0	0	1	0	0
*	5p	+	20	282	208	95	204	789	1	8	1	4	1	0	0	0	0	0	0	0	1	0	0	0	0	0	0	0	0
*	5p	+	21	276	198	120	195	789	0	7	1	1	0	0	0	0	0	0	0	0	0	0	0	0	0	0	0	0	0
*	5p	+	22	266	206	114	203	789	4	4	1	1	0	0	0	0	0	1	0	0	0	0	0	0	0	0	0	0	0
*	5p	+	23	265	194	109	221	789	1	5	0	1	0	0	0	0	0	0	0	0	0	0	1	0	0	0	0	0	0
*	5p	+	24	272	203	101	213	789	1	11	0	0	0	0	0	0	0	0	0	0	0	0	0	0	0	0	0	0	0
*	5p	+	25	253	215	102	219	789	0	15	0	0	0	0	0	0	1	0	0	0	0	0	0	0	0	0	0	0	0
*	5p	+	26	272	196	118	203	789	2	6	1	0	1	0	0	0	0	0	0	0	0	0	0	0	0	0	0	0	0
*	5p	+	27	278	210	117	183	788	0	13	1	0	0	0	0	0	0	0	0	0	2	1	0	0	0	1	0	0	0
*	5p	+	28	265	207	115	201	788	1	20	0	2	0	0	1	0	0	0	0	0	2	0	0	0	0	1	0	0	0
*	5p	+	29	270	186	93	240	789	3	30	1	1	0	1	0	0	0	0	0	0	0	0	0	0	0	0	0	0	0
*	5p	+	30	258	206	97	228	789	1	47	2	1	0	1	0	0	0	0	0	0	0	0	0	0	0	0	0	0	0
*	5p	+	31	196	189	81	211	677	0	52	2	1	0	0	0	0	0	0	0	0	0	0	0	0	0	0	0	0	0
*	5p	+	32	184	155	71	168	578	3	49	0	0	0	0	0	0	0	0	0	0	0	0	0	0	0	0	0	0	0
*	5p	+	33	154	117	67	139	477	3	28	0	0	0	0	0	0	0	0	0	0	0	0	0	0	0	0	0	0	0
*	5p	+	34	137	83	50	126	396	0	24	1	1	0	0	0	0	0	0	0	0	0	0	0	0	0	0	0	0	0
*	5p	+	35	98	89	38	100	325	0	24	0	0	0	0	0	0	0	0	0	0	0	0	0	0	0	0	0	0	0
*	5p	+	36	93	63	40	80	276	1	11	0	0	0	0	0	0	0	0	0	0	0	0	0	0	0	0	0	0	0
*	5p	+	37	90	46	23	79	238	0	16	0	0	0	0	0	0	0	0	0	0	0	0	0	0	0	0	0	0	0
*	5p	+	38	66	41	25	69	201	0	15	1	1	0	1	0	0	0	0	0	0	0	0	0	0	0	0	0	0	0
*	5p	+	39	44	43	22	55	164	0	13	0	0	0	0	0	0	0	0	0	0	0	0	0	0	0	0	0	0	0
*	5p	+	40	43	32	17	49	141	1	11	0	0	0	0	0	0	0	0	0	0	0	0	0	0	0	0	0	0	0
*	5p	+	41	47	25	16	37	125	0	7	0	0	0	0	0	0	0	0	0	0	0	0	0	0	0	0	0	0	0
*	5p	+	42	26	34	13	40	113	0	14	0	0	0	0	0	0	0	0	0	0	0	0	0	0	0	0	0	0	0
*	5p	+	43	21	30	10	31	92	0	16	1	0	0	0	0	0	0	0	0	0	0	0	0	0	0	0	0	0	0
*	5p	+	44	20	14	6	33	73	0	2	0	0	0	0	0	0	0	0	0	0	0	0	0	0	0	0	0	0	0
*	5p	+	45	9	20	7	21	57	0	7	0	0	0	0	0	0	0	0	1	0	0	0	0	0	0	0	0	0	0
*	5p	+	46	13	14	7	15	49	0	4	0	0	0	0	0	0	0	0	0	0	0	0	0	0	0	0	0	0	0
*	5p	+	47	8	7	5	11	31	0	2	0	0	0	0	0	0	0	0	0	0	0	0	0	0	0	0	0	0	0
*	5p	+	48	6	7	4	7	24	0	2	0	0	0	0	0	0	0	0	0	0	0	0	0	0	0	0	0	0	0
*	5p	+	49	3	4	3	7	17	0	1	0	0	0	0	0	0	0	0	0	0	0	0	0	0	0	0	0	0	0
*	5p	+	50	4	2	4	3	13	1	0	0	0	0	0	0	0	0	0	0	0	0	0	0	0	0	0	0	0	0
*	5p	+	51	1	2	2	5	10	0	0	0	0	0	0	0	0	0	0	0	0	0	0	0	0	0	0	0	0	0
*	5p	+	52	3	2	1	4	10	0	0	0	0	0	0	0	0	0	0	0	0	0	0	0	0	0	0	0	0	0
*	5p	+	53	2	0	1	7	10	0	0	0	0	0	0	0	0	0	0	0	0	0	0	0	0	0	0	0	0	0
*	5p	+	54	1	2	0	3	6	0	0	0	0	0	0	0	0	0	0	0	0	0	0	0	0	0	0	0	0	0
*	5p	+	55	1	1	1	2	5	0	1	0	0	0	0	0	0	0	0	0	0	0	0	0	0	0	0	0	0	0
*	5p	+	56	1	0	0	4	5	0	0	0	0	0	0	0	0	0	0	0	0	0	0	0	0	0	0	0	0	0
*	5p	+	57	2	2	0	0	4	0	0	0	0	0	0	0	0	0	0	0	0	0	0	0	0	0	0	0	0	0
*	5p	+	58	1	2	0	0	3	0	2	0	0	0	0	0	0	0	0	0	0	0	0	0	0	0	0	0	0	0
*	5p	+	59	0	1	0	1	2	0	0	0	0	0	0	0	0	0	0	0	0	0	0	0	0	0	0	0	0	0
*	5p	+	60	0	1	0	1	2	0	0	0	0	0	0	0	0	0	0	0	0	0	0	0	0	0	0	0	0	0
*	5p	+	61	0	1	0	0	1	0	0	0	0	0	0	0	0	0	0	0	0	0	0	0	0	0	0	0	0	0
*	5p	+	62	0	1	0	0	1	0	0	0	0	0	0	0	0	0	0	0	0	0	0	0	0	0	0	0	0	0
*	5p	+	63	1	0	0	0	1	0	0	0	0	0	0	0	0	0	0	0	0	0	0	0	0	0	0	0	0	0
*	5p	+	64	1	0	0	0	1	0	0	0	0	0	0	0	0	0	0	0	0	0	0	0	0	0	0	0	0	0
*	5p	+	65	0	1	0	0	1	0	0	0	0	0	0	0	0	0	0	0	0	0	0	0	0	0	0	0	0	0
*	5p	+	66	1	0	0	0	1	0	0	0	0	0	0	0	0	0	0	0	0	0	0	0	0	0	0	0	0	0
*	5p	+	67	1	0	0	0	1	0	0	0	0	0	0	0	0	0	0	0	0	0	0	0	0	0	0	0	0	0
*	5p	+	68	0	0	0	1	1	0	0	0	0	0	0	0	0	0	0	0	0	0	0	0	0	0	0	0	0	0
*	5p	+	69	0	1	0	0	1	0	0	0	0	0	0	0	0	0	0	0	0	0	0	0	0	0	0	0	0	0
*	5p	+	70	1	0	0	0	1	0	0	0	0	0	0	0	0	0	0	0	0	0	0	0	0	0	0	0	0	0
*	5p	+	71	1	0	0	0	1	0	0	0	0	0	0	0	0	0	0	0	0	0	0	0	0	0	0	0	0	0
*	5p	+	72	0	1	0	0	1	0	0	0	0	0	0	0	0	0	0	0	0	0	0	0	0	0	0	0	0	0
*	5p	+	73	0	1	0	0	1	0	0	0	0	0	0	0	0	0	0	0	0	0	0	0	0	0	0	0	0	0
*	5p	+	74	0	1	0	0	1	0	0	0	0	0	0	0	0	0	0	0	0	0	0	0	0	0	0	0	0	0
*	5p	+	75	1	0	0	0	1	0	0	0	0	0	0	0	0	0	0	0	0	0	0	0	0	0	0	0	0	0
*	5p	+	76	0	0	0	0	0	0	0	0	0	0	0	0	0	0	0	0	0	0	0	0	0	0	0	0	0	0
*	5p	+	77	0	0	0	0	0	0	0	0	0	0	0	0	0	0	0	0	0	0	0	0	0	0	0	0	0	0
*	5p	+	78	0	0	0	0	0	0	0	0	0	0	0	0	0	0	0	0	0	0	0	0	0	0	0	0	0	0
*	5p	+	79	0	0	0	0	0	0	0	0	0	0	0	0	0	0	0	0	0	0	0	0	0	0	0	0	0	0
*	5p	+	80	0	0	0	0	0	0	0	0	0	0	0	0	0	0	0	0	0	0	0	0	0	0	0	0	0	0
*	5p	+	81	0	0	0	0	0	0	0	0	0	0	0	0	0	0	0	0	0	0	0	0	0	0	0	0	0	0
*	5p	+	82	0	0	0	0	0	0	0	0	0	0	0	0	0	0	0	0	0	0	0	0	0	0	0	0	0	0
*	5p	+	83	0	0	0	0	0	0	0	0	0	0	0	0	0	0	0	0	0	0	0	0	0	0	0	0	0	0
*	5p	+	84	0	0	0	0	0	0	0	0	0	0	0	0	0	0	0	0	0	0	0	0	0	0	0	0	0	0
*	5p	+	85	0	0	0	0	0	0	0	0	0	0	0	0	0	0	0	0	0	0	0	0	0	0	0	0	0	0
*	5p	+	86	0	0	0	0	0	0	0	0	0	0	0	0	0	0	0	0	0	0	0	0	0	0	0	0	0	0
*	5p	+	87	0	0	0	0	0	0	0	0	0	0	0	0	0	0	0	0	0	0	0	0	0	0	0	0	0	0
*	5p	+	88	0	0	0	0	0	0	0	0	0	0	0	0	0	0	0	0	0	0	0	0	0	0	0	0	0	0
*	5p	+	89	0	0	0	0	0	0	0	0	0	0	0	0	0	0	0	0	0	0	0	0	0	0	0	0	0	0
*	5p	+	90	0	0	0	0	0	0	0	0	0	0	0	0	0	0	0	0	0	0	0	0	0	0	0	0	0	0
*	5p	+	91	0	0	0	0	0	0	0	0	0	0	0	0	0	0	0	0	0	0	0	0	0	0	0	0	0	0
*	5p	+	92	0	0	0	0	0	0	0	0	0	0	0	0	0	0	0	0	0	0	0	0	0	0	0	0	0	0
*	5p	+	93	0	0	0	0	0	0	0	0	0	0	0	0	0	0	0	0	0	0	0	0	0	0	0	0	0	0
*	5p	+	94	0	0	0	0	0	0	0	0	0	0	0	0	0	0	0	0	0	0	0	0	0	0	0	0	0	0
*	5p	+	95	0	0	0	0	0	0	0	0	0	0	0	0	0	0	0	0	0	0	0	0	0	0	0	0	0	0
*	5p	+	96	0	0	0	0	0	0	0	0	0	0	0	0	0	0	0	0	0	0	0	0	0	0	0	0	0	0
*	5p	+	97	0	0	0	0	0	0	0	0	0	0	0	0	0	0	0	0	0	0	0	0	0	0	0	0	0	0
*	5p	+	98	0	0	0	0	0	0	0	0	0	0	0	0	0	0	0	0	0	0	0	0	0	0	0	0	0	0
*	5p	+	99	0	0	0	0	0	0	0	0	0	0	0	0	0	0	0	0	0	0	0	0	0	0	0	0	0	0
*	5p	+	100	0	0	0	0	0	0	0	0	0	0	0	0	0	0	0	0	0	0	0	0	0	0	0	0	0	0
*	5p	-	1	172	156	166	543	1037	4	103	4	0	1	3	0	1	0	0	2	4	0	0	0	0	0	0	0	0	1
*	5p	-	2	256	122	279	380	1037	2	56	5	0	0	1	0	0	1	0	0	1	0	0	0	0	0	0	0	0	1
*	5p	-	3	291	139	271	337	1038	1	53	3	0	0	2	0	1	0	0	0	2	0	0	0	0	0	0	0	0	1
*	5p	-	4	279	126	261	372	1038	0	31	2	3	0	0	0	0	0	0	1	1	0	0	0	0	0	0	0	0	1
*	5p	-	5	288	128	262	358	1036	2	21	3	1	2	0	0	0	0	0	0	0	0	0	1	0	0	1	1	0	1
*	5p	-	6	259	147	257	375	1038	4	20	1	1	0	0	0	0	1	0	0	0	0	0	0	0	0	0	0	0	1
*	5p	-	7	252	139	261	386	1038	2	17	5	0	0	0	0	0	0	0	0	0	0	0	0	0	0	0	0	0	1
*	5p	-	8	280	120	302	336	1038	1	15	5	3	1	0	0	0	0	1	0	1	1	2	0	0	0	0	0	0	1
*	5p	-	9	297	156	264	320	1037	4	9	2	0	0	0	0	0	0	0	0	1	1	0	0	0	0	0	0	0	1
*	5p	-	10	254	133	269	381	1037	0	13	4	2	0	0	0	0	0	0	0	1	0	0	0	1	0	0	0	0	1
*	5p	-	11	252	154	309	322	1037	2	7	2	2	0	1	0	0	0	0	0	2	0	0	0	0	0	0	0	0	1
*	5p	-	12	306	156	252	323	1037	2	12	2	2	0	0	0	1	0	0	0	2	1	0	0	0	0	0	0	0	1
*	5p	-	13	258	136	286	357	1037	2	11	2	2	0	0	0	0	0	0	0	0	0	0	0	0	0	0	0	0	1
*	5p	-	14	281	133	284	338	1036	2	6	2	2	1	0	0	0	0	0	0	0	0	0	0	0	0	1	0	0	1
*	5p	-	15	297	145	260	335	1037	4	8	3	0	0	0	0	0	0	0	0	0	1	1	0	0	0	0	0	0	1
*	5p	-	16	240	137	297	362	1036	3	5	1	3	0	1	0	0	0	0	0	0	0	1	0	0	0	1	0	0	1
*	5p	-	17	284	132	295	325	1036	1	6	3	1	0	0	0	0	0	0	0	0	1	1	0	0	0	0	0	1	1
*	5p	-	18	275	150	271	341	1037	4	10	4	1	0	1	0	0	0	0	0	0	0	0	0	0	0	0	0	0	1
*	5p	-	19	261	148	297	331	1037	2	7	1	4	0	0	0	0	0	0	0	0	0	0	0	1	0	0	0	0	1
*	5p	-	20	267	137	279	354	1037	1	9	2	2	0	1	0	0	0	0	0	0	0	0	0	0	0	0	0	0	1
*	5p	-	21	266	150	270	350	1036	1	8	3	3	0	0	0	0	0	0	0	0	0	0	0	0	0	0	1	0	1
*	5p	-	22	285	140	265	346	1036	1	10	2	0	0	0	0	0	0	0	0	0	1	1	0	0	0	0	0	1	1
*	5p	-	23	296	124	275	342	1037	4	8	0	1	0	0	0	1	0	0	0	1	0	0	0	0	0	0	0	0	1
*	5p	-	24	282	137	267	351	1037	1	7	4	1	0	0	0	1	0	0	0	0	1	0	0	0	0	0	0	0	1
*	5p	-	25	283	139	235	378	1035	3	11	3	4	0	1	0	3	0	0	0	0	1	0	0	0	0	0	0	1	0
*	5p	-	26	269	144	254	369	1036	1	10	2	0	0	0	0	0	0	0	0	1	1	1	1	0	0	0	0	0	0
*	5p	-	27	285	137	251	363	1036	1	25	3	4	0	0	0	0	0	0	0	0	0	1	0	0	0	0	0	0	0
*	5p	-	28	274	139	246	377	1036	4	15	6	1	0	0	0	0	1	0	0	0	0	0	0	0	0	0	0	0	0
*	5p	-	29	254	127	282	372	1035	3	31	4	0	0	0	0	0	0	0	0	0	1	0	0	0	0	1	0	0	0
*	5p	-	30	245	131	251	409	1036	5	37	4	4	0	0	0	0	1	0	0	0	0	0	1	0	0	0	0	0	0
*	5p	-	31	220	115	185	361	881	3	38	2	1	1	0	0	0	0	0	0	0	0	0	0	0	0	0	0	0	0
*	5p	-	32	182	98	180	285	745	1	32	1	1	0	0	1	0	1	0	0	0	0	0	0	0	0	0	0	1	0
*	5p	-	33	145	85	156	236	622	1	35	3	1	0	0	0	0	0	0	0	0	0	0	0	0	0	0	0	0	0
*	5p	-	34	114	77	130	215	536	2	26	1	1	0	1	0	0	1	0	0	0	0	0	0	0	0	1	0	0	0
*	5p	-	35	99	62	97	196	454	2	18	0	1	0	0	0	0	0	0	0	0	0	1	1	0	0	0	0	0	0
*	5p	-	36	108	51	74	155	388	2	21	1	0	0	0	0	0	0	0	0	0	0	0	0	0	0	0	0	0	0
*	5p	-	37	72	39	82	124	317	2	18	4	1	0	0	0	0	0	0	0	0	0	0	0	0	0	0	0	0	0
*	5p	-	38	68	35	57	108	268	1	9	0	1	0	0	0	0	0	0	0	0	0	0	0	0	0	0	0	0	0
*	5p	-	39	58	29	50	87	224	0	8	0	2	0	0	0	1	1	0	0	0	0	0	0	0	0	0	0	0	0
*	5p	-	40	38	35	33	85	191	0	13	0	0	0	0	0	0	0	1	0	0	0	0	0	0	0	0	0	0	0
*	5p	-	41	29	28	40	68	165	2	8	1	1	0	0	0	0	0	0	0	0	0	0	0	0	0	0	0	0	0
*	5p	-	42	35	18	30	55	138	0	9	1	0	0	0	0	0	0	0	0	0	0	0	0	0	0	0	0	0	0
*	5p	-	43	28	17	29	44	118	1	7	0	0	0	0	0	0	0	0	0	0	0	0	0	0	0	0	0	0	0
*	5p	-	44	20	14	32	36	102	1	6	1	0	0	0	0	0	0	0	0	0	0	0	0	0	0	0	0	0	0
*	5p	-	45	18	12	17	30	77	0	3	0	0	0	0	0	0	0	0	0	0	0	0	0	0	0	0	0	0	0
*	5p	-	46	15	7	15	25	62	0	3	0	0	0	0	0	0	0	0	0	0	0	0	0	0	0	0	0	0	0
*	5p	-	47	12	9	10	19	50	2	5	0	0	0	0	0	0	0	0	0	0	0	0	0	0	0	0	0	0	0
*	5p	-	48	10	5	12	15	42	0	2	1	0	0	0	0	0	0	0	0	0	0	0	0	0	0	0	0	0	0
*	5p	-	49	4	5	10	11	30	0	2	0	0	0	0	0	0	0	0	0	1	0	0	0	0	0	0	0	0	0
*	5p	-	50	9	5	3	9	26	0	3	0	0	0	0	0	0	1	0	0	0	0	0	0	0	0	0	0	0	0
*	5p	-	51	2	4	5	9	20	0	2	0	0	0	0	0	0	0	0	0	0	0	1	0	0	0	0	0	0	0
*	5p	-	52	7	1	4	6	18	0	0	0	0	0	0	0	0	0	0	0	0	0	0	0	0	0	0	0	0	0
*	5p	-	53	5	0	4	6	15	0	0	0	0	0	0	0	0	0	0	0	0	0	0	0	0	0	0	0	0	0
*	5p	-	54	5	0	3	5	13	0	0	0	0	0	0	0	0	0	0	0	0	0	0	0	0	0	0	0	0	0
*	5p	-	55	6	1	2	3	12	0	0	0	0	0	0	0	0	0	0	0	0	0	0	0	0	0	0	0	0	0
*	5p	-	56	3	1	4	3	11	0	0	0	0	0	0	0	0	0	0	0	0	0	0	0	0	0	0	0	0	0
*	5p	-	57	2	2	3	2	9	0	1	0	0	0	0	0	0	0	0	0	1	0	0	0	0	0	0	0	0	0
*	5p	-	58	2	1	2	4	9	0	1	1	0	0	0	0	0	0	0	0	0	0	0	0	0	0	0	0	0	0
*	5p	-	59	1	2	2	1	6	0	0	0	0	0	0	0	0	0	0	0	0	0	0	0	0	0	0	0	0	0
*	5p	-	60	0	2	3	1	6	0	1	0	0	0	0	0	0	0	0	0	0	0	0	0	0	0	0	0	0	0
*	5p	-	61	0	2	1	2	5	0	0	0	0	0	0	0	0	0	0	0	0	0	0	0	0	0	0	0	0	0
*	5p	-	62	1	1	0	3	5	0	0	0	1	0	0	0	0	0	0	0	0	0	0	0	0	0	0	0	0	0
*	5p	-	63	1	2	1	1	5	0	1	0	0	0	0	0	0	0	0	0	0	0	0	0	0	0	0	0	0	0
*	5p	-	64	0	1	1	2	4	0	0	0	0	0	0	0	0	0	0	0	0	0	0	0	0	0	0	0	0	0
*	5p	-	65	0	1	0	2	3	0	0	0	0	0	0	0	0	0	0	0	0	0	0	0	0	0	0	0	0	0
*	5p	-	66	2	0	1	0	3	0	0	0	0	0	0	0	0	0	0	0	0	0	0	0	0	0	0	0	0	0
*	5p	-	67	0	1	1	0	2	0	0	0	0	0	0	0	0	0	0	0	0	0	0	0	0	0	0	0	0	0
*	5p	-	68	0	1	1	0	2	0	0	0	0	0	0	0	0	0	0	0	0	0	0	0	0	0	0	0	0	0
*	5p	-	69	1	1	0	0	2	0	0	0	0	0	0	0	0	0	0	0	0	0	0	0	0	0	0	0	0	0
*	5p	-	70	1	0	0	1	2	0	0	0	0	0	0	0	0	0	0	0	0	0	0	0	0	0	0	0	0	0
*	5p	-	71	0	0	0	1	1	0	0	0	1	0	0	0	0	0	0	0	0	0	0	0	0	0	0	0	0	0
*	5p	-	72	1	0	0	0	1	0	0	1	0	0	0	0	0	0	0	0	0	0	0	0	0	0	0	0	0	0
*	5p	-	73	0	0	1	0	1	0	0	0	0	0	0	0	0	0	0	0	0	0	0	0	0	0	0	0	0	0
*	5p	-	74	0	0	1	0	1	0	0	0	0	0	0	0	0	0	0	0	0	0	0	0	0	0	0	0	0	0
*	5p	-	75	1	0	0	0	1	0	0	0	0	0	0	0	0	0	0	0	0	0	0	0	0	0	0	0	0	0
*	5p	-	76	0	0	0	1	1	0	0	0	0	0	0	0	0	0	0	0	0	0	0	0	0	0	0	0	0	0
*	5p	-	77	0	0	0	0	0	0	0	0	0	0	0	0	0	0	0	0	0	0	0	0	0	0	0	0	0	0
*	5p	-	78	0	0	0	0	0	0	0	0	0	0	0	0	0	0	0	0	0	0	0	0	0	0	0	0	0	0
*	5p	-	79	0	0	0	0	0	0	0	0	0	0	0	0	0	0	0	0	0	0	0	0	0	0	0	0	0	0
*	5p	-	80	0	0	0	0	0	0	0	0	0	0	0	0	0	0	0	0	0	0	0	0	0	0	0	0	0	0
*	5p	-	81	0	0	0	0	0	0	0	0	0	0	0	0	0	0	0	0	0	0	0	0	0	0	0	0	0	0
*	5p	-	82	0	0	0	0	0	0	0	0	0	0	0	0	0	0	0	0	0	0	0	0	0	0	0	0	0	0
*	5p	-	83	0	0	0	0	0	0	0	0	0	0	0	0	0	0	0	0	0	0	0	0	0	0	0	0	0	0
*	5p	-	84	0	0	0	0	0	0	0	0	0	0	0	0	0	0	0	0	0	0	0	0	0	0	0	0	0	0
*	5p	-	85	0	0	0	0	0	0	0	0	0	0	0	0	0	0	0	0	0	0	0	0	0	0	0	0	0	0
*	5p	-	86	0	0	0	0	0	0	0	0	0	0	0	0	0	0	0	0	0	0	0	0	0	0	0	0	0	0
*	5p	-	87	0	0	0	0	0	0	0	0	0	0	0	0	0	0	0	0	0	0	0	0	0	0	0	0	0	0
*	5p	-	88	0	0	0	0	0	0	0	0	0	0	0	0	0	0	0	0	0	0	0	0	0	0	0	0	0	0
*	5p	-	89	0	0	0	0	0	0	0	0	0	0	0	0	0	0	0	0	0	0	0	0	0	0	0	0	0	0
*	5p	-	90	0	0	0	0	0	0	0	0	0	0	0	0	0	0	0	0	0	0	0	0	0	0	0	0	0	0
*	5p	-	91	0	0	0	0	0	0	0	0	0	0	0	0	0	0	0	0	0	0	0	0	0	0	0	0	0	0
*	5p	-	92	0	0	0	0	0	0	0	0	0	0	0	0	0	0	0	0	0	0	0	0	0	0	0	0	0	0
*	5p	-	93	0	0	0	0	0	0	0	0	0	0	0	0	0	0	0	0	0	0	0	0	0	0	0	0	0	0
*	5p	-	94	0	0	0	0	0	0	0	0	0	0	0	0	0	0	0	0	0	0	0	0	0	0	0	0	0	0
*	5p	-	95	0	0	0	0	0	0	0	0	0	0	0	0	0	0	0	0	0	0	0	0	0	0	0	0	0	0
*	5p	-	96	0	0	0	0	0	0	0	0	0	0	0	0	0	0	0	0	0	0	0	0	0	0	0	0	0	0
*	5p	-	97	0	0	0	0	0	0	0	0	0	0	0	0	0	0	0	0	0	0	0	0	0	0	0	0	0	0
*	5p	-	98	0	0	0	0	0	0	0	0	0	0	0	0	0	0	0	0	0	0	0	0	0	0	0	0	0	0
*	5p	-	99	0	0	0	0	0	0	0	0	0	0	0	0	0	0	0	0	0	0	0	0	0	0	0	0	0	0
*	5p	-	100	0	0	0	0	0	0	0	0	0	0	0	0	0	0	0	0	0	0	0	0	0	0	0	0	0	0
