# Position (bp)	A	C	G	T	N
0.0	43.65274365274365	19.492219492219494	7.998907998907999	28.856128856128855	0.0
1.0	38.76603876603877	25.498225498225498	10.51051051051051	25.225225225225223	0.0
2.0	35.8995358995359	23.532623532623536	10.01911001911002	30.548730548730546	0.0
3.0	36.03603603603604	25.361725361725362	9.773409773409773	28.82882882882883	0.0
4.0	35.21703521703522	25.77122577122577	11.93011193011193	27.08162708162708	0.0
5.0	36.11793611793612	25.552825552825553	11.02921102921103	27.300027300027303	0.0
6.0	34.288834288834295	25.389025389025388	12.394212394212394	27.927927927927925	0.0
7.0	35.84493584493585	26.835926835926838	11.848211848211848	25.470925470925472	0.0
8.0	33.52443352443352	27.736827736827735	11.739011739011739	26.999726999727	0.0
9.0	32.623532623532626	28.255528255528255	11.875511875511876	27.245427245427244	0.0
10.0	33.87933387933388	25.197925197925198	13.240513240513241	27.682227682227683	0.0
11.0	32.923832923832926	27.19082719082719	13.185913185913186	26.6994266994267	0.0
12.0	32.07753207753208	28.555828555828555	12.421512421512421	26.945126945126948	0.0
13.0	33.96123396123396	26.617526617526615	12.885612885612884	26.535626535626534	0.0
14.0	32.02293202293202	27.573027573027574	12.694512694512694	27.70952770952771	0.0
15.0	33.71553371553372	27.21812721812722	12.093912093912094	26.972426972426973	0.0
16.0	35.43543543543544	26.453726453726457	12.530712530712531	25.58012558012558	0.0
17.0	32.923832923832926	27.245427245427244	13.431613431613432	26.3991263991264	0.0
18.0	32.705432705432706	28.63772863772864	11.739011739011739	26.917826917826922	0.0
19.0	34.671034671034676	26.453726453726457	12.366912366912366	26.50832650832651	0.0
20.0	32.814632814632816	27.573027573027574	12.831012831012831	26.78132678132678	0.0
21.0	34.043134043134046	27.51842751842752	11.820911820911821	26.617526617526615	0.0
22.0	33.90663390663391	26.672126672126673	13.185913185913186	26.235326235326234	0.0
23.0	32.978432978432984	26.917826917826922	12.530712530712531	27.573027573027574	0.0
24.0	34.34343434343434	26.208026208026208	12.776412776412776	26.672126672126673	0.0
25.0	33.7974337974338	28.00982800982801	11.438711438711438	26.754026754026754	0.0
26.0	32.432432432432435	26.808626808626805	12.803712803712806	27.955227955227958	0.0
27.0	33.68823368823369	27.054327054327054	10.974610974610975	28.28282828282828	0.0
28.0	36.60933660933661	24.651924651924652	11.711711711711711	27.027027027027028	0.0
29.0	33.96123396123396	24.924924924924923	9.71880971880972	31.3950313950314	0.0
30.0	34.675324675324674	24.642857142857146	10.064935064935066	30.616883116883116	0.0
31.0	34.242306194000776	26.17841838722244	9.816906895208415	29.762368523568366	0.0
32.0	35.60788082652571	24.843825084094185	9.226333493512733	30.32196059586737	0.0
33.0	35.56731334509112	26.161081716637273	7.642563198118754	30.62904174015285	0.0
34.0	38.70967741935484	24.926686217008797	8.211143695014663	28.152492668621704	0.0
35.0	35.99290780141844	24.29078014184397	10.549645390070921	29.166666666666668	0.0
36.0	36.14718614718615	23.91774891774892	10.064935064935066	29.87012987012987	0.0
37.0	32.97442799461642	30.148048452220728	7.94078061911171	28.936742934051146	0.0
38.0	36.201298701298704	27.27272727272727	9.740259740259742	26.785714285714285	0.0
39.0	37.06720977596741	25.865580448065174	6.517311608961303	30.549898167006113	0.0
40.0	37.10843373493976	23.132530120481928	9.879518072289157	29.87951807228916	0.0
41.0	38.392857142857146	24.702380952380953	8.928571428571429	27.976190476190478	0.0
42.0	36.8	27.6	4.8	30.8	0.0
43.0	33.004926108374384	30.541871921182267	5.911330049261084	30.541871921182267	0.0
44.0	31.690140845070424	23.239436619718308	7.746478873239436	37.32394366197183	0.0
45.0	31.372549019607842	25.49019607843137	6.862745098039216	36.27450980392157	0.0
46.0	40.67796610169492	16.94915254237288	6.779661016949152	35.59322033898305	0.0
47.0	28.57142857142857	30.952380952380953	7.142857142857142	33.33333333333333	0.0
48.0	33.33333333333333	38.095238095238095	0.0	28.57142857142857	0.0
