# Position (bp)	A	C	G	T	N
0.0	43.5792349726776	19.071038251366122	9.153005464480875	28.196721311475407	0.0
1.0	40.27322404371585	24.83606557377049	9.289617486338798	25.601092896174865	0.0
2.0	34.72677595628415	23.879781420765028	9.972677595628415	31.420765027322407	0.0
3.0	34.78142076502732	26.39344262295082	10.683060109289617	28.142076502732237	0.0
4.0	36.69398907103825	24.6448087431694	11.311475409836065	27.349726775956285	0.0
5.0	34.34426229508197	26.09289617486339	12.131147540983607	27.431693989071036	0.0
6.0	34.34426229508197	27.10382513661202	11.530054644808743	27.021857923497265	0.0
7.0	35.21857923497268	27.267759562841533	11.229508196721312	26.284153005464482	0.0
8.0	32.677595628415304	26.584699453551913	12.51366120218579	28.224043715846996	0.0
9.0	34.50819672131147	27.021857923497265	11.939890710382514	26.530054644808743	0.0
10.0	34.34426229508197	25.628415300546447	12.704918032786885	27.322404371584703	0.0
11.0	33.52459016393443	27.240437158469945	12.295081967213115	26.939890710382514	0.0
12.0	34.86338797814207	27.62295081967213	12.73224043715847	24.781420765027324	0.0
13.0	35.10928961748634	26.120218579234972	13.524590163934427	25.245901639344265	0.0
14.0	32.92349726775956	27.595628415300546	12.868852459016395	26.612021857923494	0.0
15.0	33.55191256830601	28.278688524590162	12.786885245901638	25.38251366120219	0.0
16.0	35.0	26.666666666666668	13.360655737704919	24.972677595628415	0.0
17.0	32.759562841530055	27.15846994535519	12.841530054644808	27.240437158469945	0.0
18.0	34.26229508196722	28.551912568306008	12.404371584699453	24.781420765027324	0.0
19.0	32.622950819672134	28.415300546448087	13.633879781420767	25.32786885245902	0.0
20.0	34.15300546448087	26.174863387978142	12.185792349726777	27.48633879781421	0.0
21.0	34.12568306010929	26.50273224043716	13.469945355191257	25.901639344262296	0.0
22.0	33.68852459016393	26.775956284153008	12.404371584699453	27.13114754098361	0.0
23.0	33.63387978142077	27.021857923497265	12.37704918032787	26.967213114754095	0.0
24.0	32.732240437158474	28.387978142076502	12.021857923497267	26.85792349726776	0.0
25.0	33.497267759562845	26.229508196721312	12.3224043715847	27.95081967213115	0.0
26.0	32.26775956284153	26.14754098360656	12.185792349726777	29.398907103825138	0.0
27.0	34.2896174863388	27.240437158469945	11.120218579234972	27.349726775956285	0.0
28.0	35.68306010928961	25.983606557377048	10.382513661202186	27.95081967213115	0.0
29.0	34.94535519125683	24.207650273224044	10.136612021857923	30.710382513661198	0.0
30.0	35.86072242108689	24.43865929059551	9.371949235274975	30.328669053042628	0.0
31.0	36.5987460815047	22.648902821316614	9.286833855799372	31.46551724137931	0.0
32.0	35.20383693045564	24.172661870503596	9.016786570743406	31.60671462829736	0.0
33.0	36.17021276595745	26.063829787234045	7.919621749408984	29.846335697399528	0.0
34.0	35.69844789356985	27.56836659275684	7.982261640798225	28.750923872875095	0.0
35.0	35.418583256669734	26.12695492180313	8.923643054277829	29.53081876724931	0.0
36.0	37.20136518771331	25.14220705346985	8.532423208191126	29.12400455062571	0.0
37.0	35.91160220994475	26.795580110497237	8.425414364640885	28.867403314917127	0.0
38.0	36.25429553264605	24.742268041237114	9.965635738831615	29.037800687285227	0.0
39.0	36.28865979381443	25.36082474226804	9.278350515463918	29.07216494845361	0.0
40.0	39.6551724137931	21.182266009852217	9.35960591133005	29.802955665024633	0.0
41.0	34.090909090909086	24.147727272727273	8.522727272727272	33.23863636363637	0.0
42.0	42.22222222222222	21.85185185185185	8.88888888888889	27.037037037037038	0.0
43.0	32.33830845771145	24.875621890547265	8.45771144278607	34.32835820895522	0.0
44.0	42.142857142857146	25.71428571428571	7.142857142857142	25.0	0.0
45.0	40.0	25.0	8.0	27.0	0.0
46.0	38.46153846153847	33.84615384615385	3.076923076923077	24.615384615384617	0.0
47.0	37.5	25.0	0.0	37.5	0.0
48.0	29.411764705882355	35.294117647058826	0.0	35.294117647058826	0.0
