Pos	C>T	G>A	A>C	A>G	A>T	C>A	C>G	G>C	G>T	T>A	T>C	T>G	->ACGT	ACGT>-
24	0.086331	0.005282	0.000000	0.002158	0.000000	0.001199	0.001199	0.000000	0.000000	0.000672	0.001343	0.000000	0.000000	0.000000
23	0.088764	0.001797	0.000692	0.006224	0.001383	0.000000	0.002247	0.000000	0.000000	0.002143	0.004286	0.000000	0.000000	0.000000
22	0.047281	0.006211	0.000000	0.003626	0.000725	0.000000	0.000000	0.000000	0.000000	0.002004	0.004008	0.000000	0.000000	0.000000
21	0.054762	0.004488	0.000716	0.002863	0.000716	0.001190	0.001190	0.000000	0.000000	0.000668	0.002003	0.000000	0.000000	0.000000
20	0.048521	0.003584	0.000000	0.002905	0.002179	0.000000	0.001183	0.000000	0.000896	0.000662	0.001985	0.000000	0.000000	0.000000
19	0.060677	0.005051	0.000000	0.005208	0.001488	0.001167	0.001167	0.001684	0.000842	0.000000	0.002740	0.002055	0.000000	0.000000
18	0.057692	0.006108	0.000000	0.004425	0.000000	0.000000	0.000000	0.000000	0.000000	0.000660	0.003960	0.001980	0.000000	0.000000
17	0.058231	0.004318	0.000000	0.005109	0.000730	0.001120	0.000000	0.001727	0.000864	0.000000	0.005602	0.000000	0.000000	0.000000
16	0.043224	0.008244	0.000000	0.004695	0.001565	0.000000	0.000000	0.000824	0.000824	0.001332	0.007324	0.000666	0.000000	0.000000
15	0.079439	0.004409	0.001442	0.002884	0.000000	0.000000	0.000000	0.000000	0.000882	0.000679	0.004755	0.000000	0.000000	0.000000
14	0.047393	0.005561	0.000000	0.006419	0.000000	0.001185	0.000000	0.000000	0.000927	0.001969	0.005906	0.000000	0.000000	0.000000
13	0.073171	0.007614	0.000000	0.002918	0.000729	0.000000	0.000000	0.000000	0.000000	0.001355	0.004743	0.000678	0.000000	0.000000
12	0.080268	0.010545	0.000733	0.005861	0.002198	0.001115	0.001115	0.000000	0.000000	0.001380	0.005521	0.000690	0.000000	0.000000
11	0.087167	0.003552	0.000000	0.005650	0.000000	0.000000	0.000000	0.000888	0.001776	0.000675	0.003376	0.000000	0.000000	0.000000
10	0.076923	0.008152	0.000000	0.005731	0.000716	0.001166	0.000000	0.000000	0.000906	0.000000	0.006036	0.000000	0.000000	0.000000
9	0.095506	0.008977	0.000000	0.007163	0.000000	0.000000	0.001124	0.000000	0.000000	0.000690	0.008972	0.000690	0.000000	0.000000
8	0.115116	0.003683	0.000000	0.004032	0.000000	0.001163	0.002326	0.000921	0.001842	0.000000	0.003536	0.000707	0.000206	0.000000
7	0.140893	0.005164	0.000763	0.005344	0.001527	0.000000	0.000000	0.000000	0.000000	0.002660	0.003324	0.001330	0.000000	0.000000
6	0.140244	0.007105	0.000000	0.007138	0.001428	0.001220	0.000000	0.000000	0.000000	0.000666	0.001332	0.001332	0.000000	0.000000
5	0.173709	0.005204	0.000000	0.005098	0.002913	0.001174	0.001174	0.000000	0.000867	0.002039	0.004079	0.002039	0.000000	0.000000
4	0.185049	0.004983	0.001449	0.005797	0.001449	0.001225	0.001225	0.001661	0.000831	0.000000	0.002072	0.000000	0.000206	0.000000
3	0.282579	0.003317	0.000668	0.006680	0.001336	0.000000	0.000000	0.000829	0.000000	0.000706	0.006351	0.001411	0.000000	0.000000
2	0.362857	0.003410	0.000636	0.007634	0.001272	0.000000	0.000000	0.000000	0.000000	0.000000	0.004274	0.000712	0.000000	0.000000
1	0.472500	0.007053	0.000914	0.007313	0.002742	0.000000	0.000000	0.000000	0.000784	0.000000	0.000000	0.000596	0.000000	0.000000
0	0.573546	0.006944	0.000912	0.007299	0.003650	0.000000	0.000000	0.000000	0.000000	0.000535	0.001606	0.000000	0.000000	0.000000
