Pos	C>T	G>A	A>C	A>G	A>T	C>A	C>G	G>C	G>T	T>A	T>C	T>G	->ACGT	ACGT>-
0	0.617117	0.006849	0.000675	0.009447	0.000000	0.000000	0.000000	0.000856	0.000000	0.001305	0.000652	0.000652	0.000000	0.000000
1	0.502959	0.005838	0.000671	0.010731	0.001341	0.000000	0.000000	0.000000	0.000834	0.000675	0.000675	0.001350	0.000206	0.000000
2	0.355438	0.004119	0.000000	0.004912	0.000000	0.002653	0.001326	0.000000	0.000824	0.001374	0.002060	0.000000	0.000000	0.000000
3	0.322078	0.004259	0.002710	0.004065	0.000000	0.000000	0.000000	0.000000	0.000000	0.001400	0.003499	0.000700	0.000000	0.000000
4	0.228047	0.004274	0.000000	0.007846	0.002140	0.000000	0.000000	0.000000	0.000000	0.000000	0.002642	0.000000	0.000000	0.000000
5	0.188564	0.002650	0.000710	0.007807	0.000000	0.000000	0.000000	0.001767	0.000000	0.000673	0.004038	0.001346	0.000000	0.000000
6	0.154337	0.002660	0.001393	0.007660	0.000000	0.001276	0.000000	0.000000	0.000000	0.001332	0.001999	0.000000	0.000000	0.000000
7	0.137580	0.005291	0.000000	0.000725	0.000725	0.002548	0.000000	0.000882	0.000000	0.000000	0.002579	0.000000	0.000000	0.000000
8	0.116608	0.007175	0.000723	0.006503	0.000723	0.000000	0.000000	0.000000	0.000000	0.001332	0.006662	0.000000	0.000000	0.000000
9	0.089133	0.008036	0.000698	0.004885	0.000000	0.000000	0.000000	0.000000	0.000000	0.000000	0.002708	0.000000	0.000000	0.000000
10	0.095294	0.002602	0.001440	0.004320	0.002160	0.001176	0.001176	0.000867	0.000000	0.001373	0.003432	0.000686	0.000000	0.000000
11	0.094563	0.006146	0.000000	0.002872	0.000718	0.000000	0.002364	0.000000	0.000878	0.001360	0.002039	0.000680	0.000000	0.000000
12	0.067520	0.002591	0.000712	0.005698	0.000000	0.001164	0.001164	0.000864	0.000864	0.001401	0.004902	0.000000	0.000000	0.000000
13	0.072832	0.005263	0.000000	0.003695	0.000739	0.000000	0.001156	0.000000	0.000000	0.000671	0.006036	0.000000	0.000000	0.000000
14	0.061927	0.004378	0.000000	0.005259	0.000000	0.000000	0.000000	0.001751	0.000876	0.000665	0.004654	0.000665	0.000000	0.000000
15	0.051253	0.007958	0.000000	0.007225	0.000000	0.001139	0.000000	0.000000	0.000884	0.001374	0.003434	0.001374	0.000000	0.000000
16	0.063855	0.007098	0.002188	0.002918	0.001459	0.000000	0.000000	0.000000	0.000000	0.000000	0.003287	0.000000	0.000000	0.000000
17	0.066986	0.005988	0.000735	0.005147	0.000735	0.000000	0.000000	0.000000	0.000855	0.001348	0.002695	0.000000	0.000000	0.000000
18	0.057303	0.006184	0.000732	0.005857	0.001464	0.000000	0.001124	0.000000	0.000883	0.002738	0.006160	0.000684	0.000000	0.000000
19	0.058403	0.004460	0.000000	0.004323	0.000000	0.000000	0.001192	0.000892	0.000892	0.000000	0.004664	0.000000	0.000000	0.000000
20	0.059351	0.005177	0.000000	0.003788	0.000000	0.000000	0.000000	0.000863	0.000863	0.000000	0.007448	0.000000	0.000000	0.000000
21	0.058242	0.002793	0.000000	0.007714	0.000000	0.000000	0.001099	0.000000	0.000000	0.000695	0.005559	0.000695	0.000000	0.000000
22	0.066667	0.007373	0.000000	0.001435	0.000000	0.002339	0.002339	0.000000	0.000000	0.000660	0.006601	0.000000	0.000000	0.000000
23	0.069555	0.007799	0.000000	0.005158	0.000000	0.000000	0.001140	0.000000	0.000867	0.000000	0.001369	0.000684	0.000000	0.000000
24	0.101810	0.007117	0.000000	0.002208	0.002208	0.001131	0.000000	0.000890	0.000000	0.002699	0.005398	0.000675	0.000000	0.000000
