End	Std	Pos	A	C	G	T	Total
3p	+	1	481	206	220	852	1759
3p	+	2	505	247	265	742	1759
3p	+	3	697	257	253	552	1759
3p	+	4	649	309	273	528	1759
3p	+	5	572	381	272	534	1759
3p	+	6	565	390	273	531	1759
3p	+	7	591	416	253	499	1759
3p	+	8	557	413	285	504	1759
3p	+	9	650	410	255	444	1759
3p	+	10	560	454	264	481	1759
3p	+	11	587	448	236	488	1759
3p	+	12	601	413	267	478	1759
3p	+	13	596	445	254	464	1759
3p	+	14	605	433	226	495	1759
3p	+	15	602	447	242	468	1759
3p	+	16	585	431	244	499	1759
3p	+	17	557	466	278	458	1759
3p	+	18	589	470	258	442	1759
3p	+	19	556	434	249	520	1759
3p	+	20	575	429	272	483	1759
3p	+	21	588	433	231	507	1759
3p	+	22	583	455	233	488	1759
3p	+	23	591	440	281	447	1759
3p	+	24	604	424	254	477	1759
3p	+	25	578	430	262	489	1759
3p	+	26	550	417	272	520	1759
3p	+	27	608	390	250	511	1759
3p	+	28	593	358	242	566	1759
3p	+	29	642	323	268	526	1759
3p	+	30	634	247	274	604	1759
3p	+	31	501	204	197	518	1420
3p	+	32	398	163	163	423	1147
3p	+	33	325	121	140	317	903
3p	+	34	257	105	112	243	717
3p	+	35	212	87	91	173	563
3p	+	36	170	59	70	150	449
3p	+	37	121	49	57	133	360
3p	+	38	103	44	40	93	280
3p	+	39	81	28	36	73	218
3p	+	40	52	33	26	71	182
3p	+	41	55	27	29	43	154
3p	+	42	48	20	19	48	135
3p	+	43	32	12	16	35	95
3p	+	44	31	9	9	25	74
3p	+	45	12	8	7	19	46
3p	+	46	7	3	8	12	30
3p	+	47	11	0	3	6	20
3p	+	48	3	1	3	5	12
3p	+	49	0	2	0	3	5
3p	+	50	0	0	0	0	0
3p	+	51	0	0	0	0	0
3p	+	52	0	0	0	0	0
3p	+	53	0	0	0	0	0
3p	+	54	0	0	0	0	0
3p	+	55	0	0	0	0	0
3p	+	56	0	0	0	0	0
3p	+	57	0	0	0	0	0
3p	+	58	0	0	0	0	0
3p	+	59	0	0	0	0	0
3p	+	60	0	0	0	0	0
3p	+	61	0	0	0	0	0
3p	+	62	0	0	0	0	0
3p	+	63	0	0	0	0	0
3p	+	64	0	0	0	0	0
3p	+	65	0	0	0	0	0
3p	+	66	0	0	0	0	0
3p	+	67	0	0	0	0	0
3p	+	68	0	0	0	0	0
3p	+	69	0	0	0	0	0
3p	+	70	0	0	0	0	0
3p	+	71	0	0	0	0	0
3p	+	72	0	0	0	0	0
3p	+	73	0	0	0	0	0
3p	+	74	0	0	0	0	0
3p	+	75	0	0	0	0	0
3p	+	76	0	0	0	0	0
3p	+	77	0	0	0	0	0
3p	+	78	0	0	0	0	0
3p	+	79	0	0	0	0	0
3p	+	80	0	0	0	0	0
3p	+	81	0	0	0	0	0
3p	+	82	0	0	0	0	0
3p	+	83	0	0	0	0	0
3p	+	84	0	0	0	0	0
3p	+	85	0	0	0	0	0
3p	+	86	0	0	0	0	0
3p	+	87	0	0	0	0	0
3p	+	88	0	0	0	0	0
3p	+	89	0	0	0	0	0
3p	+	90	0	0	0	0	0
3p	+	91	0	0	0	0	0
3p	+	92	0	0	0	0	0
3p	+	93	0	0	0	0	0
3p	+	94	0	0	0	0	0
3p	+	95	0	0	0	0	0
3p	+	96	0	0	0	0	0
3p	+	97	0	0	0	0	0
3p	+	98	0	0	0	0	0
3p	+	99	0	0	0	0	0
3p	+	100	0	0	0	0	0
3p	-	1	610	172	789	1519	3090
3p	-	2	586	176	1010	1318	3090
3p	-	3	864	196	929	1101	3090
3p	-	4	840	225	940	1085	3090
3p	-	5	803	290	932	1065	3090
3p	-	6	807	318	884	1081	3090
3p	-	7	808	290	877	1115	3090
3p	-	8	753	343	880	1114	3090
3p	-	9	837	355	833	1065	3090
3p	-	10	837	363	852	1038	3090
3p	-	11	810	352	866	1062	3090
3p	-	12	812	347	860	1071	3090
3p	-	13	772	387	882	1049	3090
3p	-	14	772	334	952	1032	3090
3p	-	15	801	365	839	1085	3090
3p	-	16	802	366	888	1034	3090
3p	-	17	725	365	930	1070	3090
3p	-	18	779	380	899	1032	3090
3p	-	19	802	356	899	1033	3090
3p	-	20	767	380	918	1025	3090
3p	-	21	787	373	885	1045	3090
3p	-	22	815	341	881	1053	3090
3p	-	23	792	372	844	1082	3090
3p	-	24	835	392	868	995	3090
3p	-	25	817	332	872	1069	3090
3p	-	26	762	342	882	1104	3090
3p	-	27	837	330	812	1111	3090
3p	-	28	783	289	904	1114	3090
3p	-	29	796	276	868	1150	3090
3p	-	30	845	225	915	1105	3090
3p	-	31	734	169	764	955	2622
3p	-	32	598	141	681	804	2224
3p	-	33	498	104	547	691	1840
3p	-	34	414	94	460	568	1536
3p	-	35	323	76	384	459	1242
3p	-	36	266	53	304	403	1026
3p	-	37	210	40	250	327	827
3p	-	38	177	41	200	243	661
3p	-	39	142	22	179	197	540
3p	-	40	103	27	139	163	432
3p	-	41	94	24	111	140	369
3p	-	42	84	18	81	129	312
3p	-	43	75	10	68	99	252
3p	-	44	59	15	68	71	213
3p	-	45	36	9	45	67	157
3p	-	46	35	3	30	38	106
3p	-	47	15	2	18	22	57
3p	-	48	10	3	9	15	37
3p	-	49	5	0	3	5	13
3p	-	50	0	0	0	0	0
3p	-	51	0	0	0	0	0
3p	-	52	0	0	0	0	0
3p	-	53	0	0	0	0	0
3p	-	54	0	0	0	0	0
3p	-	55	0	0	0	0	0
3p	-	56	0	0	0	0	0
3p	-	57	0	0	0	0	0
3p	-	58	0	0	0	0	0
3p	-	59	0	0	0	0	0
3p	-	60	0	0	0	0	0
3p	-	61	0	0	0	0	0
3p	-	62	0	0	0	0	0
3p	-	63	0	0	0	0	0
3p	-	64	0	0	0	0	0
3p	-	65	0	0	0	0	0
3p	-	66	0	0	0	0	0
3p	-	67	0	0	0	0	0
3p	-	68	0	0	0	0	0
3p	-	69	0	0	0	0	0
3p	-	70	0	0	0	0	0
3p	-	71	0	0	0	0	0
3p	-	72	0	0	0	0	0
3p	-	73	0	0	0	0	0
3p	-	74	0	0	0	0	0
3p	-	75	0	0	0	0	0
3p	-	76	0	0	0	0	0
3p	-	77	0	0	0	0	0
3p	-	78	0	0	0	0	0
3p	-	79	0	0	0	0	0
3p	-	80	0	0	0	0	0
3p	-	81	0	0	0	0	0
3p	-	82	0	0	0	0	0
3p	-	83	0	0	0	0	0
3p	-	84	0	0	0	0	0
3p	-	85	0	0	0	0	0
3p	-	86	0	0	0	0	0
3p	-	87	0	0	0	0	0
3p	-	88	0	0	0	0	0
3p	-	89	0	0	0	0	0
3p	-	90	0	0	0	0	0
3p	-	91	0	0	0	0	0
3p	-	92	0	0	0	0	0
3p	-	93	0	0	0	0	0
3p	-	94	0	0	0	0	0
3p	-	95	0	0	0	0	0
3p	-	96	0	0	0	0	0
3p	-	97	0	0	0	0	0
3p	-	98	0	0	0	0	0
3p	-	99	0	0	0	0	0
3p	-	100	0	0	0	0	0
5p	+	1	628	145	260	726	1759
5p	+	2	659	193	262	645	1759
5p	+	3	601	280	283	595	1759
5p	+	4	630	294	277	558	1759
5p	+	5	611	330	290	528	1759
5p	+	6	602	370	245	542	1759
5p	+	7	594	395	246	524	1759
5p	+	8	572	397	266	524	1759
5p	+	9	582	437	241	499	1759
5p	+	10	610	402	257	490	1759
5p	+	11	594	422	271	472	1759
5p	+	12	575	419	251	514	1759
5p	+	13	586	443	249	481	1759
5p	+	14	575	430	251	503	1759
5p	+	15	567	459	248	485	1759
5p	+	16	576	459	270	454	1759
5p	+	17	578	425	246	510	1759
5p	+	18	601	424	242	492	1759
5p	+	19	580	464	253	462	1759
5p	+	20	604	435	261	459	1759
5p	+	21	589	464	251	455	1759
5p	+	22	603	474	227	455	1759
5p	+	23	595	441	248	475	1759
5p	+	24	571	456	249	483	1759
5p	+	25	570	432	251	506	1759
5p	+	26	624	399	287	449	1759
5p	+	27	576	400	282	501	1759
5p	+	28	622	388	279	470	1759
5p	+	29	585	342	280	552	1759
5p	+	30	597	283	238	641	1759
5p	+	31	453	235	182	550	1420
5p	+	32	395	164	161	427	1147
5p	+	33	298	147	136	322	903
5p	+	34	227	119	108	263	717
5p	+	35	178	102	74	209	563
5p	+	36	149	77	59	164	449
5p	+	37	123	55	58	124	360
5p	+	38	88	49	43	100	280
5p	+	39	67	43	32	76	218
5p	+	40	63	24	22	73	182
5p	+	41	46	24	23	61	154
5p	+	42	42	18	27	48	135
5p	+	43	29	10	23	33	95
5p	+	44	22	9	9	34	74
5p	+	45	12	5	5	24	46
5p	+	46	9	1	7	13	30
5p	+	47	8	2	2	8	20
5p	+	48	2	4	0	6	12
5p	+	49	2	1	0	2	5
5p	+	50	0	0	0	0	0
5p	+	51	0	0	0	0	0
5p	+	52	0	0	0	0	0
5p	+	53	0	0	0	0	0
5p	+	54	0	0	0	0	0
5p	+	55	0	0	0	0	0
5p	+	56	0	0	0	0	0
5p	+	57	0	0	0	0	0
5p	+	58	0	0	0	0	0
5p	+	59	0	0	0	0	0
5p	+	60	0	0	0	0	0
5p	+	61	0	0	0	0	0
5p	+	62	0	0	0	0	0
5p	+	63	0	0	0	0	0
5p	+	64	0	0	0	0	0
5p	+	65	0	0	0	0	0
5p	+	66	0	0	0	0	0
5p	+	67	0	0	0	0	0
5p	+	68	0	0	0	0	0
5p	+	69	0	0	0	0	0
5p	+	70	0	0	0	0	0
5p	+	71	0	0	0	0	0
5p	+	72	0	0	0	0	0
5p	+	73	0	0	0	0	0
5p	+	74	0	0	0	0	0
5p	+	75	0	0	0	0	0
5p	+	76	0	0	0	0	0
5p	+	77	0	0	0	0	0
5p	+	78	0	0	0	0	0
5p	+	79	0	0	0	0	0
5p	+	80	0	0	0	0	0
5p	+	81	0	0	0	0	0
5p	+	82	0	0	0	0	0
5p	+	83	0	0	0	0	0
5p	+	84	0	0	0	0	0
5p	+	85	0	0	0	0	0
5p	+	86	0	0	0	0	0
5p	+	87	0	0	0	0	0
5p	+	88	0	0	0	0	0
5p	+	89	0	0	0	0	0
5p	+	90	0	0	0	0	0
5p	+	91	0	0	0	0	0
5p	+	92	0	0	0	0	0
5p	+	93	0	0	0	0	0
5p	+	94	0	0	0	0	0
5p	+	95	0	0	0	0	0
5p	+	96	0	0	0	0	0
5p	+	97	0	0	0	0	0
5p	+	98	0	0	0	0	0
5p	+	99	0	0	0	0	0
5p	+	100	0	0	0	0	0
5p	-	1	849	113	914	1214	3090
5p	-	2	821	146	947	1176	3090
5p	-	3	826	206	933	1125	3090
5p	-	4	843	237	899	1111	3090
5p	-	5	782	263	886	1159	3090
5p	-	6	799	306	895	1090	3090
5p	-	7	835	272	890	1093	3090
5p	-	8	813	283	862	1132	3090
5p	-	9	801	324	875	1090	3090
5p	-	10	824	349	861	1056	3090
5p	-	11	790	353	886	1061	3090
5p	-	12	822	348	887	1033	3090
5p	-	13	815	365	913	997	3090
5p	-	14	779	380	889	1042	3090
5p	-	15	763	368	894	1065	3090
5p	-	16	810	378	863	1039	3090
5p	-	17	792	360	877	1061	3090
5p	-	18	759	361	926	1044	3090
5p	-	19	786	384	881	1039	3090
5p	-	20	783	362	860	1085	3090
5p	-	21	732	388	905	1065	3090
5p	-	22	816	390	857	1027	3090
5p	-	23	808	363	833	1086	3090
5p	-	24	788	361	904	1037	3090
5p	-	25	796	370	868	1056	3090
5p	-	26	793	359	898	1040	3090
5p	-	27	773	352	873	1092	3090
5p	-	28	853	304	872	1061	3090
5p	-	29	787	260	910	1133	3090
5p	-	30	714	227	924	1225	3090
5p	-	31	695	188	726	1013	2622
5p	-	32	546	148	673	857	2224
5p	-	33	446	124	547	723	1840
5p	-	34	374	104	472	586	1536
5p	-	35	304	83	355	500	1242
5p	-	36	251	65	289	421	1026
5p	-	37	197	58	246	326	827
5p	-	38	166	40	183	272	661
5p	-	39	143	34	165	198	540
5p	-	40	120	26	108	178	432
5p	-	41	89	23	110	147	369
5p	-	42	77	21	101	113	312
5p	-	43	48	10	87	107	252
5p	-	44	36	11	69	97	213
5p	-	45	37	9	49	62	157
5p	-	46	27	1	30	48	106
5p	-	47	13	3	23	18	57
5p	-	48	10	3	13	11	37
5p	-	49	3	0	3	7	13
5p	-	50	0	0	0	0	0
5p	-	51	0	0	0	0	0
5p	-	52	0	0	0	0	0
5p	-	53	0	0	0	0	0
5p	-	54	0	0	0	0	0
5p	-	55	0	0	0	0	0
5p	-	56	0	0	0	0	0
5p	-	57	0	0	0	0	0
5p	-	58	0	0	0	0	0
5p	-	59	0	0	0	0	0
5p	-	60	0	0	0	0	0
5p	-	61	0	0	0	0	0
5p	-	62	0	0	0	0	0
5p	-	63	0	0	0	0	0
5p	-	64	0	0	0	0	0
5p	-	65	0	0	0	0	0
5p	-	66	0	0	0	0	0
5p	-	67	0	0	0	0	0
5p	-	68	0	0	0	0	0
5p	-	69	0	0	0	0	0
5p	-	70	0	0	0	0	0
5p	-	71	0	0	0	0	0
5p	-	72	0	0	0	0	0
5p	-	73	0	0	0	0	0
5p	-	74	0	0	0	0	0
5p	-	75	0	0	0	0	0
5p	-	76	0	0	0	0	0
5p	-	77	0	0	0	0	0
5p	-	78	0	0	0	0	0
5p	-	79	0	0	0	0	0
5p	-	80	0	0	0	0	0
5p	-	81	0	0	0	0	0
5p	-	82	0	0	0	0	0
5p	-	83	0	0	0	0	0
5p	-	84	0	0	0	0	0
5p	-	85	0	0	0	0	0
5p	-	86	0	0	0	0	0
5p	-	87	0	0	0	0	0
5p	-	88	0	0	0	0	0
5p	-	89	0	0	0	0	0
5p	-	90	0	0	0	0	0
5p	-	91	0	0	0	0	0
5p	-	92	0	0	0	0	0
5p	-	93	0	0	0	0	0
5p	-	94	0	0	0	0	0
5p	-	95	0	0	0	0	0
5p	-	96	0	0	0	0	0
5p	-	97	0	0	0	0	0
5p	-	98	0	0	0	0	0
5p	-	99	0	0	0	0	0
5p	-	100	0	0	0	0	0
