Pos	C>T	G>A	A>C	A>G	A>T	C>A	C>G	G>C	G>T	T>A	T>C	T>G	->ACGT	ACGT>-
24	0.094656	0.006075	0.000000	0.009506	0.000951	0.001527	0.000000	0.000000	0.002430	0.000883	0.001765	0.000000	0.000000	0.000000
23	0.101695	0.002398	0.000899	0.002698	0.002698	0.001541	0.000000	0.000000	0.000000	0.000936	0.001873	0.000000	0.000000	0.000000
22	0.068643	0.003695	0.000000	0.007715	0.001929	0.000000	0.001560	0.000000	0.000000	0.000853	0.004263	0.000000	0.000000	0.000000
21	0.058452	0.007160	0.000000	0.002879	0.000000	0.001580	0.001580	0.000000	0.000000	0.000000	0.001739	0.000870	0.000000	0.000000
20	0.055891	0.013095	0.000000	0.004521	0.000000	0.000000	0.000000	0.000000	0.000000	0.000000	0.003791	0.000000	0.000000	0.000000
19	0.069444	0.008444	0.001988	0.005964	0.000994	0.000000	0.000000	0.000000	0.000000	0.001695	0.001695	0.000000	0.000000	0.000000
18	0.054348	0.002283	0.000000	0.008671	0.001927	0.000000	0.000000	0.001142	0.000000	0.000000	0.002715	0.000000	0.000000	0.000000
17	0.063422	0.001172	0.000000	0.003752	0.000938	0.000000	0.000000	0.001172	0.000000	0.000000	0.005629	0.001876	0.000000	0.000000
16	0.073282	0.007151	0.000000	0.006731	0.000962	0.001527	0.000000	0.000000	0.000000	0.000000	0.003543	0.000000	0.000000	0.000000
15	0.058065	0.007453	0.000000	0.001871	0.001871	0.000000	0.000000	0.000000	0.001242	0.000855	0.005133	0.000855	0.000000	0.000000
14	0.062407	0.005910	0.000936	0.004682	0.000936	0.001486	0.000000	0.000000	0.000000	0.001859	0.000929	0.000929	0.000000	0.000000
13	0.077485	0.004785	0.000000	0.003802	0.000951	0.001462	0.000000	0.001196	0.001196	0.000000	0.006416	0.000000	0.000000	0.000000
12	0.085072	0.009060	0.000000	0.005703	0.000000	0.000000	0.000000	0.001133	0.001133	0.000906	0.001812	0.000000	0.000273	0.000000
11	0.069666	0.009101	0.000000	0.005837	0.000000	0.000000	0.000000	0.000000	0.000000	0.000938	0.003752	0.000938	0.000273	0.000000
10	0.062593	0.002481	0.000000	0.000937	0.000000	0.000000	0.000000	0.000000	0.000000	0.001787	0.006256	0.000000	0.000000	0.000000
9	0.070336	0.003429	0.000000	0.004794	0.000959	0.000000	0.000000	0.000000	0.000000	0.000000	0.005500	0.000000	0.000000	0.000000
8	0.106518	0.003409	0.000000	0.004726	0.000945	0.000000	0.000000	0.001136	0.002273	0.001825	0.002737	0.000912	0.000000	0.000000
7	0.146526	0.005701	0.002066	0.005165	0.003099	0.001511	0.000000	0.000000	0.001140	0.002595	0.004325	0.000865	0.000000	0.000000
6	0.125402	0.008284	0.000000	0.006585	0.000941	0.000000	0.000000	0.000000	0.002367	0.000883	0.002650	0.000000	0.000273	0.000000
5	0.178082	0.004843	0.000971	0.006796	0.000971	0.000000	0.001522	0.000000	0.000000	0.000000	0.001739	0.000870	0.000000	0.000000
4	0.195860	0.003429	0.000000	0.008798	0.000978	0.000000	0.001592	0.000000	0.000000	0.000880	0.000880	0.001759	0.000000	0.000000
3	0.243697	0.005549	0.000000	0.010436	0.001898	0.001681	0.000000	0.000000	0.001110	0.000898	0.002695	0.002695	0.000000	0.000000
2	0.350352	0.005767	0.000000	0.003506	0.000000	0.000000	0.001761	0.000000	0.000000	0.000920	0.003680	0.001840	0.000000	0.000000
1	0.457600	0.001018	0.001248	0.009988	0.000000	0.000000	0.000000	0.000000	0.001018	0.000797	0.003187	0.002390	0.000000	0.000000
0	0.599709	0.006443	0.000000	0.004711	0.001178	0.002911	0.000000	0.000000	0.000000	0.001480	0.000740	0.000740	0.000000	0.000000
