Pos	C>T	G>A	A>C	A>G	A>T	C>A	C>G	G>C	G>T	T>A	T>C	T>G	->ACGT	ACGT>-
0	0.652174	0.002320	0.000873	0.004367	0.001747	0.000000	0.000000	0.000000	0.000000	0.000870	0.000870	0.000000	0.000000	0.000000
1	0.456261	0.005359	0.000938	0.005629	0.000938	0.000000	0.000000	0.000000	0.001072	0.003700	0.003700	0.000000	0.000000	0.000000
2	0.380282	0.005482	0.000905	0.002715	0.000905	0.000000	0.000000	0.000000	0.001096	0.000870	0.002611	0.000000	0.000000	0.000000
3	0.322091	0.003676	0.000887	0.007092	0.001773	0.000000	0.000000	0.000000	0.001225	0.000000	0.006217	0.000888	0.000000	0.000000
4	0.190244	0.005587	0.000971	0.005825	0.000000	0.000000	0.001626	0.001117	0.001117	0.000890	0.002671	0.000000	0.000000	0.000000
5	0.181669	0.009627	0.000000	0.005520	0.000920	0.000000	0.001637	0.000000	0.002407	0.000882	0.001764	0.000882	0.000000	0.000000
6	0.180666	0.007001	0.001871	0.008419	0.003742	0.001585	0.000000	0.000000	0.001167	0.000904	0.002712	0.000000	0.000000	0.000000
7	0.154093	0.003542	0.000918	0.006428	0.000000	0.000000	0.001605	0.000000	0.000000	0.000906	0.003623	0.001812	0.000000	0.000000
8	0.092063	0.003440	0.000000	0.003810	0.000000	0.000000	0.000000	0.000000	0.000000	0.000000	0.002700	0.000000	0.000000	0.000000
9	0.097892	0.005945	0.000941	0.005644	0.000000	0.001506	0.000000	0.000000	0.000000	0.000000	0.002740	0.000000	0.000000	0.000000
10	0.103011	0.004587	0.000000	0.003791	0.000000	0.001585	0.000000	0.000000	0.000000	0.000905	0.001810	0.000000	0.000000	0.000000
11	0.083062	0.004535	0.000945	0.005671	0.001890	0.000000	0.000000	0.000000	0.001134	0.000902	0.001803	0.000902	0.000000	0.000000
12	0.079764	0.005663	0.000973	0.008755	0.000973	0.000000	0.000000	0.000000	0.000000	0.000930	0.004651	0.000000	0.000000	0.000000
13	0.075117	0.004963	0.000000	0.009311	0.000000	0.003130	0.000000	0.000000	0.001241	0.001748	0.002622	0.000000	0.000000	0.000000
14	0.063063	0.003601	0.000974	0.003895	0.001947	0.000000	0.001502	0.001200	0.000000	0.000880	0.009675	0.000000	0.000000	0.000000
15	0.068006	0.010676	0.000000	0.004699	0.001880	0.001546	0.001546	0.001186	0.000000	0.000000	0.002705	0.000000	0.000000	0.000000
16	0.064857	0.006112	0.000000	0.007540	0.002828	0.000000	0.000000	0.000000	0.000000	0.000892	0.000892	0.001784	0.000000	0.000000
17	0.064611	0.004762	0.000962	0.002885	0.000000	0.000000	0.000000	0.000000	0.001190	0.000908	0.002725	0.000000	0.000000	0.000000
18	0.062947	0.009988	0.000000	0.002844	0.000948	0.001431	0.000000	0.001248	0.001248	0.000903	0.004517	0.000903	0.000273	0.000000
19	0.076423	0.002415	0.000000	0.003799	0.000000	0.000000	0.000000	0.001208	0.001208	0.001714	0.001714	0.000000	0.000000	0.000000
20	0.057453	0.003344	0.000000	0.007700	0.000962	0.000000	0.000000	0.000000	0.000000	0.000923	0.002770	0.000923	0.000000	0.000000
21	0.062215	0.009379	0.000000	0.005703	0.001901	0.000000	0.000000	0.000000	0.000000	0.000000	0.007279	0.000000	0.000000	0.000000
22	0.052632	0.004614	0.000000	0.004822	0.000964	0.000000	0.000000	0.000000	0.001153	0.000914	0.002742	0.000000	0.000000	0.000000
23	0.065391	0.011468	0.000935	0.004677	0.000935	0.000000	0.000000	0.000000	0.001147	0.001826	0.003653	0.001826	0.000000	0.000000
24	0.106928	0.007051	0.000000	0.001932	0.000966	0.000000	0.001506	0.000000	0.000000	0.000000	0.003597	0.000899	0.000273	0.000000
