End	Std	Pos	A	C	G	T	Total
3p	+	1	375	157	172	665	1369
3p	+	2	337	198	249	585	1369
3p	+	3	511	217	197	444	1369
3p	+	4	448	263	220	438	1369
3p	+	5	442	289	227	411	1369
3p	+	6	449	327	187	406	1369
3p	+	7	450	299	210	410	1369
3p	+	8	411	326	204	428	1369
3p	+	9	478	320	192	379	1369
3p	+	10	427	364	202	376	1369
3p	+	11	455	347	207	360	1369
3p	+	12	451	364	213	341	1369
3p	+	13	441	320	196	412	1369
3p	+	14	450	337	200	382	1369
3p	+	15	450	372	202	345	1369
3p	+	16	452	330	155	432	1369
3p	+	17	470	334	219	346	1369
3p	+	18	485	338	193	353	1369
3p	+	19	417	366	204	382	1369
3p	+	20	420	352	192	405	1369
3p	+	21	490	376	167	336	1369
3p	+	22	444	343	182	400	1369
3p	+	23	447	326	190	406	1369
3p	+	24	472	340	174	383	1369
3p	+	25	463	337	182	387	1369
3p	+	26	429	316	221	403	1369
3p	+	27	473	320	193	383	1369
3p	+	28	462	269	204	434	1369
3p	+	29	477	239	205	448	1369
3p	+	30	487	234	187	461	1369
3p	+	31	380	187	142	415	1124
3p	+	32	309	130	129	328	896
3p	+	33	263	96	103	245	707
3p	+	34	203	63	79	207	552
3p	+	35	159	55	69	140	423
3p	+	36	128	59	51	102	340
3p	+	37	91	35	53	98	277
3p	+	38	74	29	34	72	209
3p	+	39	54	29	30	53	166
3p	+	40	48	17	23	52	140
3p	+	41	39	21	15	41	116
3p	+	42	37	15	12	32	96
3p	+	43	20	11	16	21	68
3p	+	44	18	5	6	25	54
3p	+	45	13	7	7	10	37
3p	+	46	13	2	2	9	26
3p	+	47	6	1	2	7	16
3p	+	48	4	1	3	4	12
3p	+	49	3	0	2	1	6
3p	+	50	0	0	0	0	0
3p	+	51	0	0	0	0	0
3p	+	52	0	0	0	0	0
3p	+	53	0	0	0	0	0
3p	+	54	0	0	0	0	0
3p	+	55	0	0	0	0	0
3p	+	56	0	0	0	0	0
3p	+	57	0	0	0	0	0
3p	+	58	0	0	0	0	0
3p	+	59	0	0	0	0	0
3p	+	60	0	0	0	0	0
3p	+	61	0	0	0	0	0
3p	+	62	0	0	0	0	0
3p	+	63	0	0	0	0	0
3p	+	64	0	0	0	0	0
3p	+	65	0	0	0	0	0
3p	+	66	0	0	0	0	0
3p	+	67	0	0	0	0	0
3p	+	68	0	0	0	0	0
3p	+	69	0	0	0	0	0
3p	+	70	0	0	0	0	0
3p	+	71	0	0	0	0	0
3p	+	72	0	0	0	0	0
3p	+	73	0	0	0	0	0
3p	+	74	0	0	0	0	0
3p	+	75	0	0	0	0	0
3p	+	76	0	0	0	0	0
3p	+	77	0	0	0	0	0
3p	+	78	0	0	0	0	0
3p	+	79	0	0	0	0	0
3p	+	80	0	0	0	0	0
3p	+	81	0	0	0	0	0
3p	+	82	0	0	0	0	0
3p	+	83	0	0	0	0	0
3p	+	84	0	0	0	0	0
3p	+	85	0	0	0	0	0
3p	+	86	0	0	0	0	0
3p	+	87	0	0	0	0	0
3p	+	88	0	0	0	0	0
3p	+	89	0	0	0	0	0
3p	+	90	0	0	0	0	0
3p	+	91	0	0	0	0	0
3p	+	92	0	0	0	0	0
3p	+	93	0	0	0	0	0
3p	+	94	0	0	0	0	0
3p	+	95	0	0	0	0	0
3p	+	96	0	0	0	0	0
3p	+	97	0	0	0	0	0
3p	+	98	0	0	0	0	0
3p	+	99	0	0	0	0	0
3p	+	100	0	0	0	0	0
3p	-	1	478	117	604	1095	2294
3p	-	2	457	146	742	949	2294
3p	-	3	632	155	672	835	2294
3p	-	4	600	189	689	816	2294
3p	-	5	575	216	657	846	2294
3p	-	6	576	215	644	859	2294
3p	-	7	614	248	633	799	2294
3p	-	8	556	245	673	820	2294
3p	-	9	579	246	688	781	2294
3p	-	10	613	250	675	756	2294
3p	-	11	615	289	598	792	2294
3p	-	12	580	282	665	767	2294
3p	-	13	614	253	684	743	2294
3p	-	14	602	301	634	757	2294
3p	-	15	619	260	645	770	2294
3p	-	16	620	260	646	768	2294
3p	-	17	569	276	621	828	2294
3p	-	18	577	304	664	749	2294
3p	-	19	612	247	678	757	2294
3p	-	20	586	255	636	817	2294
3p	-	21	622	253	667	752	2294
3p	-	22	602	253	655	784	2294
3p	-	23	584	275	628	807	2294
3p	-	24	637	245	661	751	2294
3p	-	25	585	257	644	808	2294
3p	-	26	610	250	677	757	2294
3p	-	27	627	251	667	749	2294
3p	-	28	593	205	682	814	2294
3p	-	29	554	212	633	895	2294
3p	-	30	632	161	692	809	2294
3p	-	31	527	135	579	715	1956
3p	-	32	441	117	517	596	1671
3p	-	33	367	75	404	528	1374
3p	-	34	322	52	350	425	1149
3p	-	35	231	56	273	381	941
3p	-	36	205	59	213	311	788
3p	-	37	173	47	186	241	647
3p	-	38	140	29	185	180	534
3p	-	39	116	28	132	174	450
3p	-	40	90	12	105	144	351
3p	-	41	75	19	80	125	299
3p	-	42	60	10	73	97	240
3p	-	43	50	6	58	68	182
3p	-	44	42	5	52	50	149
3p	-	45	42	3	26	34	105
3p	-	46	25	6	22	23	76
3p	-	47	14	1	9	19	43
3p	-	48	10	1	11	8	30
3p	-	49	3	0	6	6	15
3p	-	50	0	0	0	0	0
3p	-	51	0	0	0	0	0
3p	-	52	0	0	0	0	0
3p	-	53	0	0	0	0	0
3p	-	54	0	0	0	0	0
3p	-	55	0	0	0	0	0
3p	-	56	0	0	0	0	0
3p	-	57	0	0	0	0	0
3p	-	58	0	0	0	0	0
3p	-	59	0	0	0	0	0
3p	-	60	0	0	0	0	0
3p	-	61	0	0	0	0	0
3p	-	62	0	0	0	0	0
3p	-	63	0	0	0	0	0
3p	-	64	0	0	0	0	0
3p	-	65	0	0	0	0	0
3p	-	66	0	0	0	0	0
3p	-	67	0	0	0	0	0
3p	-	68	0	0	0	0	0
3p	-	69	0	0	0	0	0
3p	-	70	0	0	0	0	0
3p	-	71	0	0	0	0	0
3p	-	72	0	0	0	0	0
3p	-	73	0	0	0	0	0
3p	-	74	0	0	0	0	0
3p	-	75	0	0	0	0	0
3p	-	76	0	0	0	0	0
3p	-	77	0	0	0	0	0
3p	-	78	0	0	0	0	0
3p	-	79	0	0	0	0	0
3p	-	80	0	0	0	0	0
3p	-	81	0	0	0	0	0
3p	-	82	0	0	0	0	0
3p	-	83	0	0	0	0	0
3p	-	84	0	0	0	0	0
3p	-	85	0	0	0	0	0
3p	-	86	0	0	0	0	0
3p	-	87	0	0	0	0	0
3p	-	88	0	0	0	0	0
3p	-	89	0	0	0	0	0
3p	-	90	0	0	0	0	0
3p	-	91	0	0	0	0	0
3p	-	92	0	0	0	0	0
3p	-	93	0	0	0	0	0
3p	-	94	0	0	0	0	0
3p	-	95	0	0	0	0	0
3p	-	96	0	0	0	0	0
3p	-	97	0	0	0	0	0
3p	-	98	0	0	0	0	0
3p	-	99	0	0	0	0	0
3p	-	100	0	0	0	0	0
5p	+	1	504	110	176	579	1369
5p	+	2	471	192	239	467	1369
5p	+	3	480	190	212	487	1369
5p	+	4	504	240	169	456	1369
5p	+	5	444	287	221	417	1369
5p	+	6	464	292	189	424	1369
5p	+	7	457	297	206	409	1369
5p	+	8	493	310	189	377	1369
5p	+	9	447	328	184	410	1369
5p	+	10	439	360	185	385	1369
5p	+	11	449	325	196	399	1369
5p	+	12	439	331	201	398	1369
5p	+	13	432	362	202	373	1369
5p	+	14	487	341	171	370	1369
5p	+	15	403	365	205	396	1369
5p	+	16	467	351	183	368	1369
5p	+	17	470	348	183	368	1369
5p	+	18	457	334	188	390	1369
5p	+	19	441	371	183	374	1369
5p	+	20	453	333	198	385	1369
5p	+	21	450	343	217	359	1369
5p	+	22	463	353	180	373	1369
5p	+	23	435	349	208	377	1369
5p	+	24	457	325	214	373	1369
5p	+	25	450	316	211	392	1369
5p	+	26	481	349	169	370	1369
5p	+	27	439	315	218	397	1369
5p	+	28	420	309	197	443	1369
5p	+	29	446	270	217	436	1369
5p	+	30	435	221	195	518	1369
5p	+	31	353	180	175	416	1124
5p	+	32	283	155	135	323	896
5p	+	33	213	113	117	264	707
5p	+	34	180	95	78	199	552
5p	+	35	147	67	56	153	423
5p	+	36	95	61	60	124	340
5p	+	37	93	35	46	103	277
5p	+	38	65	39	30	75	209
5p	+	39	49	36	32	49	166
5p	+	40	38	22	20	60	140
5p	+	41	29	16	22	49	116
5p	+	42	32	10	20	34	96
5p	+	43	24	11	6	27	68
5p	+	44	17	10	7	20	54
5p	+	45	11	7	8	11	37
5p	+	46	9	4	1	12	26
5p	+	47	5	1	3	7	16
5p	+	48	4	2	2	4	12
5p	+	49	1	2	0	3	6
5p	+	50	0	0	0	0	0
5p	+	51	0	0	0	0	0
5p	+	52	0	0	0	0	0
5p	+	53	0	0	0	0	0
5p	+	54	0	0	0	0	0
5p	+	55	0	0	0	0	0
5p	+	56	0	0	0	0	0
5p	+	57	0	0	0	0	0
5p	+	58	0	0	0	0	0
5p	+	59	0	0	0	0	0
5p	+	60	0	0	0	0	0
5p	+	61	0	0	0	0	0
5p	+	62	0	0	0	0	0
5p	+	63	0	0	0	0	0
5p	+	64	0	0	0	0	0
5p	+	65	0	0	0	0	0
5p	+	66	0	0	0	0	0
5p	+	67	0	0	0	0	0
5p	+	68	0	0	0	0	0
5p	+	69	0	0	0	0	0
5p	+	70	0	0	0	0	0
5p	+	71	0	0	0	0	0
5p	+	72	0	0	0	0	0
5p	+	73	0	0	0	0	0
5p	+	74	0	0	0	0	0
5p	+	75	0	0	0	0	0
5p	+	76	0	0	0	0	0
5p	+	77	0	0	0	0	0
5p	+	78	0	0	0	0	0
5p	+	79	0	0	0	0	0
5p	+	80	0	0	0	0	0
5p	+	81	0	0	0	0	0
5p	+	82	0	0	0	0	0
5p	+	83	0	0	0	0	0
5p	+	84	0	0	0	0	0
5p	+	85	0	0	0	0	0
5p	+	86	0	0	0	0	0
5p	+	87	0	0	0	0	0
5p	+	88	0	0	0	0	0
5p	+	89	0	0	0	0	0
5p	+	90	0	0	0	0	0
5p	+	91	0	0	0	0	0
5p	+	92	0	0	0	0	0
5p	+	93	0	0	0	0	0
5p	+	94	0	0	0	0	0
5p	+	95	0	0	0	0	0
5p	+	96	0	0	0	0	0
5p	+	97	0	0	0	0	0
5p	+	98	0	0	0	0	0
5p	+	99	0	0	0	0	0
5p	+	100	0	0	0	0	0
5p	-	1	636	68	689	901	2294
5p	-	2	596	130	694	874	2294
5p	-	3	626	122	697	849	2294
5p	-	4	616	170	652	856	2294
5p	-	5	585	215	674	820	2294
5p	-	6	625	209	640	820	2294
5p	-	7	605	224	653	812	2294
5p	-	8	592	221	665	816	2294
5p	-	9	602	247	689	756	2294
5p	-	10	623	242	657	772	2294
5p	-	11	608	242	676	768	2294
5p	-	12	615	235	683	761	2294
5p	-	13	591	267	685	751	2294
5p	-	14	585	251	640	818	2294
5p	-	15	621	271	629	773	2294
5p	-	16	600	254	656	784	2294
5p	-	17	586	273	640	795	2294
5p	-	18	584	307	651	752	2294
5p	-	19	620	290	612	772	2294
5p	-	20	600	238	630	826	2294
5p	-	21	584	267	686	757	2294
5p	-	22	589	273	671	761	2294
5p	-	23	601	284	659	750	2294
5p	-	24	617	266	654	757	2294
5p	-	25	589	280	638	787	2294
5p	-	26	599	275	646	774	2294
5p	-	27	578	225	682	809	2294
5p	-	28	556	245	662	831	2294
5p	-	29	576	225	671	822	2294
5p	-	30	557	181	666	890	2294
5p	-	31	493	154	572	737	1956
5p	-	32	422	120	477	652	1671
5p	-	33	308	104	394	568	1374
5p	-	34	279	83	350	437	1149
5p	-	35	255	55	264	367	941
5p	-	36	187	63	225	313	788
5p	-	37	159	36	187	265	647
5p	-	38	123	39	173	199	534
5p	-	39	112	25	121	192	450
5p	-	40	86	24	115	126	351
5p	-	41	69	28	83	119	299
5p	-	42	62	13	63	102	240
5p	-	43	40	13	50	79	182
5p	-	44	37	10	30	72	149
5p	-	45	25	4	32	44	105
5p	-	46	14	7	19	36	76
5p	-	47	8	1	20	14	43
5p	-	48	8	0	8	14	30
5p	-	49	4	1	5	5	15
5p	-	50	0	0	0	0	0
5p	-	51	0	0	0	0	0
5p	-	52	0	0	0	0	0
5p	-	53	0	0	0	0	0
5p	-	54	0	0	0	0	0
5p	-	55	0	0	0	0	0
5p	-	56	0	0	0	0	0
5p	-	57	0	0	0	0	0
5p	-	58	0	0	0	0	0
5p	-	59	0	0	0	0	0
5p	-	60	0	0	0	0	0
5p	-	61	0	0	0	0	0
5p	-	62	0	0	0	0	0
5p	-	63	0	0	0	0	0
5p	-	64	0	0	0	0	0
5p	-	65	0	0	0	0	0
5p	-	66	0	0	0	0	0
5p	-	67	0	0	0	0	0
5p	-	68	0	0	0	0	0
5p	-	69	0	0	0	0	0
5p	-	70	0	0	0	0	0
5p	-	71	0	0	0	0	0
5p	-	72	0	0	0	0	0
5p	-	73	0	0	0	0	0
5p	-	74	0	0	0	0	0
5p	-	75	0	0	0	0	0
5p	-	76	0	0	0	0	0
5p	-	77	0	0	0	0	0
5p	-	78	0	0	0	0	0
5p	-	79	0	0	0	0	0
5p	-	80	0	0	0	0	0
5p	-	81	0	0	0	0	0
5p	-	82	0	0	0	0	0
5p	-	83	0	0	0	0	0
5p	-	84	0	0	0	0	0
5p	-	85	0	0	0	0	0
5p	-	86	0	0	0	0	0
5p	-	87	0	0	0	0	0
5p	-	88	0	0	0	0	0
5p	-	89	0	0	0	0	0
5p	-	90	0	0	0	0	0
5p	-	91	0	0	0	0	0
5p	-	92	0	0	0	0	0
5p	-	93	0	0	0	0	0
5p	-	94	0	0	0	0	0
5p	-	95	0	0	0	0	0
5p	-	96	0	0	0	0	0
5p	-	97	0	0	0	0	0
5p	-	98	0	0	0	0	0
5p	-	99	0	0	0	0	0
5p	-	100	0	0	0	0	0
