# Position (bp)	A	C	G	T	N
0.0	44.40807419530824	19.50354609929078	9.083469721767594	27.00490998363339	0.0
1.0	39.361702127659576	25.368248772504092	9.056192034915439	26.21385706492089	0.0
2.0	34.34260774686307	25.122749590834697	9.765411893071468	30.76923076923077	0.0
3.0	35.48827059465358	24.659028914348063	10.33824331696672	29.514457174031644	0.0
4.0	34.697217675941076	25.559192580469176	11.020185488270595	28.723404255319153	0.0
5.0	36.17021276595745	25.340971085651937	11.265684669939988	27.22313147845063	0.0
6.0	34.47899618112384	25.91380250954719	11.811238406983088	27.795962902345885	0.0
7.0	33.4151663938898	28.423349699945444	12.956901254773594	25.20458265139116	0.0
8.0	34.2607746863066	25.72285870158211	11.838516093835242	28.17785051827605	0.0
9.0	33.60611020185488	28.39607201309329	11.620294599018004	26.377523186033823	0.0
10.0	32.62411347517731	28.996181123840696	12.302236770321876	26.07746863066012	0.0
11.0	33.687943262411345	25.995635570103655	12.220403709765412	28.096017457719586	0.0
12.0	35.46099290780142	25.177304964539005	12.547735951991271	26.813966175668302	0.0
13.0	35.07910529187125	26.404800872885982	12.193126022913257	26.322967812329512	0.0
14.0	32.97872340425532	26.868521549372616	12.247681396617567	27.905073649754502	0.0
15.0	34.288052373158756	27.414075286415713	12.274959083469723	26.02291325695581	0.0
16.0	34.0152755046372	26.02291325695581	13.284233496999454	26.677577741407525	0.0
17.0	32.92416803055101	27.659574468085108	12.7114020731042	26.704855428259684	0.0
18.0	34.233496999454445	28.314238952536826	11.538461538461538	25.91380250954719	0.0
19.0	33.087834151663934	27.85051827605019	12.384069830878342	26.677577741407525	0.0
20.0	31.642116748499728	28.23240589198036	13.093289689034371	27.03218767048554	0.0
21.0	34.34260774686307	27.44135297326787	12.302236770321876	25.91380250954719	0.0
22.0	34.124386252045824	27.11402073104201	12.60229132569558	26.159301691216584	0.0
23.0	34.47899618112384	25.886524822695034	12.356792144026187	27.277686852154936	0.0
24.0	34.124386252045824	28.996181123840696	11.565739225313694	25.31369339879978	0.0
25.0	33.46972176759411	27.25040916530278	11.729405346426622	27.55046372067649	0.0
26.0	33.224222585924714	27.059465357337697	12.274959083469723	27.44135297326787	0.0
27.0	34.61538461538461	27.659574468085108	10.501909438079652	27.22313147845063	0.0
28.0	35.48827059465358	25.777414075286416	11.129296235679215	27.605019094380793	0.0
29.0	34.8063284233497	24.358974358974358	10.120021822149482	30.71467539552646	0.0
30.0	35.69604086845466	25.383141762452105	9.355044699872286	29.565772669220948	0.0
31.0	36.66539488744754	25.524608927890117	8.698969858832507	29.111026325829837	0.0
32.0	36.01120971508641	23.073330219523587	9.761793554413826	31.15366651097618	0.0
33.0	37.096774193548384	24.481566820276498	8.870967741935484	29.55069124423963	0.0
34.0	35.483870967741936	27.09677419354839	9.175627240143369	28.24372759856631	0.0
35.0	36.0392506690455	23.728813559322035	8.742194469223907	31.489741302408564	0.0
36.0	38.8641425389755	22.494432071269486	9.131403118040089	29.51002227171492	0.0
37.0	36.74863387978142	26.775956284153008	9.153005464480875	27.322404371584703	0.0
38.0	38.59060402684564	22.818791946308725	7.38255033557047	31.20805369127517	0.0
39.0	38.5395537525355	26.16632860040568	7.302231237322515	27.99188640973631	0.0
40.0	38.48039215686275	25.735294117647058	9.068627450980392	26.715686274509803	0.0
41.0	36.0	24.571428571428573	9.428571428571429	30.0	0.0
42.0	35.094339622641506	30.943396226415093	8.679245283018867	25.28301886792453	0.0
43.0	37.12871287128713	27.722772277227726	6.9306930693069315	28.217821782178216	0.0
44.0	36.0	28.000000000000004	10.0	26.0	0.0
45.0	34.862385321100916	24.770642201834864	7.339449541284404	33.02752293577982	0.0
46.0	36.84210526315789	35.526315789473685	6.578947368421052	21.052631578947366	0.0
47.0	41.46341463414634	29.268292682926827	4.878048780487805	24.390243902439025	0.0
48.0	17.647058823529413	29.411764705882355	11.76470588235294	41.17647058823529	0.0
