# Position (bp)	A	C	G	T	N
0.0	43.97278911564626	20.299319727891156	8.89795918367347	26.82993197278912	0.0
1.0	39.455782312925166	25.142857142857146	8.571428571428571	26.82993197278912	0.0
2.0	35.564625850340136	24.435374149659864	9.306122448979593	30.69387755102041	0.0
3.0	35.40136054421769	25.360544217687075	11.619047619047619	27.61904761904762	0.0
4.0	35.23809523809524	25.006802721088434	11.646258503401361	28.10884353741497	0.0
5.0	35.64625850340136	24.462585034013607	12.108843537414966	27.782312925170068	0.0
6.0	35.10204081632653	26.17687074829932	11.48299319727891	27.23809523809524	0.0
7.0	34.44897959183674	26.58503401360544	12.489795918367347	26.476190476190474	0.0
8.0	33.93197278911565	26.74829931972789	11.210884353741497	28.10884353741497	0.0
9.0	33.82312925170068	26.911564625850342	12.108843537414966	27.156462585034014	0.0
10.0	33.33333333333333	27.94557823129252	11.238095238095239	27.48299319727891	0.0
11.0	32.35374149659864	28.217687074829932	11.673469387755102	27.755102040816325	0.0
12.0	33.414965986394556	27.183673469387752	12.272108843537415	27.129251700680275	0.0
13.0	33.33333333333333	26.258503401360546	13.061224489795919	27.346938775510203	0.0
14.0	32.761904761904766	26.5578231292517	12.707482993197278	27.972789115646258	0.0
15.0	33.17006802721089	28.435374149659864	12.544217687074829	25.850340136054424	0.0
16.0	33.46938775510204	27.42857142857143	12.571428571428573	26.53061224489796	0.0
17.0	32.163265306122454	27.61904761904762	13.27891156462585	26.93877551020408	0.0
18.0	34.34013605442176	27.591836734693874	12.598639455782312	25.46938775510204	0.0
19.0	31.64625850340136	28.70748299319728	13.387755102040815	26.258503401360546	0.0
20.0	32.6530612244898	28.462585034013603	12.435374149659864	26.448979591836736	0.0
21.0	31.428571428571427	28.97959183673469	12.380952380952381	27.2108843537415	0.0
22.0	34.17687074829932	26.93877551020408	12.544217687074829	26.34013605442177	0.0
23.0	34.50340136054422	27.42857142857143	12.35374149659864	25.71428571428571	0.0
24.0	34.01360544217687	28.7891156462585	11.45578231292517	25.741496598639458	0.0
25.0	34.69387755102041	27.183673469387752	12.816326530612246	25.30612244897959	0.0
26.0	33.414965986394556	27.61904761904762	11.401360544217686	27.564625850340136	0.0
27.0	36.897959183673464	24.761904761904763	10.476190476190476	27.86394557823129	0.0
28.0	35.755102040816325	24.761904761904763	10.857142857142858	28.625850340136054	0.0
29.0	33.06122448979592	25.360544217687075	9.360544217687075	32.21768707482993	0.0
30.0	36.41178417742469	24.760013240648792	9.202250910294604	29.62595167163191	0.0
31.0	34.84848484848485	25.15948963317384	9.250398724082935	30.741626794258377	0.0
32.0	35.64356435643564	24.10891089108911	8.861386138613861	31.386138613861387	0.0
33.0	37.60631834750912	26.00243013365735	7.594167679222358	28.797083839611176	0.0
34.0	35.16320474777448	26.03857566765579	8.30860534124629	30.489614243323444	0.0
35.0	35.80470162748644	25.31645569620253	9.041591320072333	29.8372513562387	0.0
36.0	36.00917431192661	24.770642201834864	7.912844036697248	31.30733944954128	0.0
37.0	36.35097493036212	27.158774373259053	8.356545961002785	28.133704735376046	0.0
38.0	33.15972222222222	27.604166666666668	8.854166666666668	30.381944444444443	0.0
39.0	37.473684210526315	24.210526315789473	8.210526315789474	30.105263157894736	0.0
40.0	36.98979591836735	25.255102040816325	8.928571428571429	28.8265306122449	0.0
41.0	38.73873873873874	21.32132132132132	7.5075075075075075	32.432432432432435	0.0
42.0	33.07692307692307	22.30769230769231	11.153846153846155	33.46153846153846	0.0
43.0	31.958762886597935	26.804123711340207	10.824742268041238	30.412371134020617	0.0
44.0	44.52554744525548	20.437956204379564	10.218978102189782	24.817518248175183	0.0
45.0	33.33333333333333	32.25806451612903	7.526881720430108	26.881720430107524	0.0
46.0	41.66666666666667	26.666666666666668	3.3333333333333335	28.333333333333332	0.0
47.0	34.285714285714285	28.57142857142857	11.428571428571429	25.71428571428571	0.0
48.0	40.0	26.666666666666668	20.0	13.333333333333334	0.0
