Pos	C>T	G>A	A>C	A>G	A>T	C>A	C>G	G>C	G>T	T>A	T>C	T>G	->ACGT	ACGT>-
24	0.100671	0.005111	0.003044	0.009132	0.000000	0.000000	0.000000	0.000000	0.000000	0.000000	0.005355	0.000000	0.000000	0.000000
23	0.094907	0.011132	0.001364	0.010914	0.000000	0.002315	0.000000	0.000000	0.000000	0.001362	0.002725	0.000000	0.000000	0.000000
22	0.062069	0.003704	0.000000	0.002817	0.000000	0.004598	0.000000	0.000000	0.000000	0.000000	0.002656	0.000000	0.000000	0.000000
21	0.048724	0.005199	0.000000	0.004458	0.001486	0.004640	0.000000	0.000000	0.001733	0.000000	0.003963	0.000000	0.000000	0.000000
20	0.038288	0.005396	0.000000	0.011236	0.001404	0.002252	0.002252	0.001799	0.000000	0.002755	0.009642	0.001377	0.000000	0.000000
19	0.055961	0.006826	0.006739	0.002695	0.001348	0.000000	0.000000	0.000000	0.000000	0.001431	0.002861	0.000000	0.000000	0.000000
18	0.047739	0.006678	0.000000	0.005797	0.000000	0.000000	0.000000	0.000000	0.000000	0.000000	0.003995	0.000000	0.000000	0.000000
17	0.082774	0.005415	0.000000	0.005340	0.000000	0.002237	0.000000	0.000000	0.000000	0.000000	0.002907	0.000000	0.000000	0.000000
16	0.049327	0.003717	0.000000	0.004380	0.000000	0.000000	0.002242	0.000000	0.000000	0.001300	0.005202	0.000000	0.000000	0.000000
15	0.111374	0.010327	0.000000	0.001408	0.001408	0.000000	0.000000	0.000000	0.001721	0.001379	0.005517	0.000000	0.000000	0.000000
14	0.054374	0.005425	0.000000	0.006739	0.002695	0.000000	0.000000	0.001808	0.001808	0.001389	0.009722	0.000000	0.000000	0.000000
13	0.076063	0.003891	0.001462	0.008772	0.001462	0.000000	0.000000	0.000000	0.001946	0.000000	0.006313	0.000000	0.000410	0.000000
12	0.079741	0.008787	0.001506	0.001506	0.001506	0.000000	0.000000	0.000000	0.005272	0.001351	0.008108	0.002703	0.000410	0.000000
11	0.078014	0.003922	0.000000	0.005263	0.001316	0.000000	0.002364	0.000000	0.000000	0.002685	0.004027	0.000000	0.000000	0.000000
10	0.112172	0.013629	0.000000	0.002924	0.001462	0.000000	0.002387	0.001704	0.000000	0.000000	0.002674	0.000000	0.000000	0.000000
9	0.083990	0.001686	0.002782	0.004172	0.000000	0.000000	0.000000	0.001686	0.001686	0.001342	0.005369	0.000000	0.000000	0.000000
8	0.101205	0.001795	0.000000	0.004115	0.000000	0.000000	0.000000	0.000000	0.000000	0.000000	0.004071	0.000000	0.000000	0.000000
7	0.118993	0.006494	0.000000	0.001504	0.004511	0.002288	0.002288	0.000000	0.000000	0.000000	0.004167	0.001389	0.000000	0.000000
6	0.142512	0.001751	0.001479	0.008876	0.002959	0.000000	0.000000	0.000000	0.000000	0.000000	0.001287	0.001287	0.000000	0.000000
5	0.186441	0.001802	0.001437	0.008621	0.001437	0.000000	0.000000	0.000000	0.000000	0.001292	0.005168	0.000000	0.000000	0.000000
4	0.207143	0.007018	0.000000	0.001395	0.000000	0.002381	0.002381	0.000000	0.000000	0.000000	0.001368	0.000000	0.000000	0.000000
3	0.269231	0.011475	0.000000	0.001377	0.001377	0.000000	0.002747	0.000000	0.000000	0.004065	0.005420	0.000000	0.000000	0.000000
2	0.359116	0.010152	0.000000	0.008816	0.001259	0.000000	0.000000	0.001692	0.000000	0.000000	0.004342	0.000000	0.000000	0.000000
1	0.457584	0.007530	0.000000	0.005338	0.000000	0.002571	0.000000	0.001506	0.000000	0.001215	0.002430	0.002430	0.000000	0.000000
0	0.568807	0.002037	0.000000	0.007105	0.005329	0.000000	0.000000	0.000000	0.000000	0.000000	0.002110	0.001055	0.000000	0.000000
