Pos	C>T	G>A	A>C	A>G	A>T	C>A	C>G	G>C	G>T	T>A	T>C	T>G	->ACGT	ACGT>-
0	0.642202	0.006803	0.000000	0.007905	0.000000	0.000000	0.000000	0.000000	0.000000	0.001309	0.002618	0.000000	0.000000	0.000000
1	0.461942	0.005254	0.000000	0.004121	0.001374	0.000000	0.000000	0.001751	0.000000	0.002639	0.006596	0.000000	0.000000	0.000000
2	0.377660	0.003384	0.004274	0.004274	0.001425	0.002660	0.002660	0.001692	0.001692	0.000000	0.003901	0.001300	0.000000	0.000000
3	0.329897	0.005051	0.000000	0.004373	0.001458	0.002577	0.002577	0.001684	0.000000	0.000000	0.001299	0.000000	0.000000	0.000000
4	0.216837	0.004777	0.000000	0.007225	0.000000	0.000000	0.005102	0.003185	0.000000	0.001379	0.000000	0.000000	0.000000	0.000000
5	0.167959	0.001629	0.001403	0.002805	0.001403	0.000000	0.000000	0.000000	0.000000	0.001381	0.002762	0.000000	0.000000	0.000000
6	0.169916	0.001575	0.001429	0.001429	0.000000	0.000000	0.000000	0.000000	0.000000	0.000000	0.005376	0.000000	0.000000	0.000000
7	0.117788	0.005254	0.000000	0.007184	0.000000	0.000000	0.000000	0.000000	0.001751	0.000000	0.001325	0.000000	0.000000	0.000000
8	0.117506	0.003361	0.001464	0.004392	0.001464	0.000000	0.000000	0.000000	0.000000	0.000000	0.004038	0.000000	0.000000	0.000000
9	0.104911	0.005455	0.002946	0.011782	0.000000	0.002232	0.000000	0.000000	0.001818	0.000000	0.005256	0.001314	0.000000	0.000000
10	0.076744	0.003578	0.002653	0.006631	0.001326	0.000000	0.000000	0.000000	0.000000	0.001439	0.001439	0.000000	0.000000	0.000000
11	0.096059	0.001712	0.002845	0.004267	0.001422	0.002463	0.000000	0.001712	0.000000	0.000000	0.002685	0.001342	0.000000	0.000000
12	0.090186	0.011551	0.001403	0.005610	0.001403	0.000000	0.000000	0.000000	0.000000	0.001348	0.004043	0.000000	0.000000	0.000000
13	0.062500	0.001828	0.001333	0.004000	0.000000	0.002315	0.000000	0.000000	0.000000	0.001410	0.002821	0.000000	0.000000	0.000000
14	0.079823	0.007092	0.000000	0.005822	0.000000	0.002217	0.000000	0.000000	0.000000	0.000000	0.002717	0.000000	0.000000	0.000000
15	0.057500	0.003407	0.000000	0.007052	0.000000	0.002500	0.000000	0.000000	0.001704	0.000000	0.004043	0.000000	0.000000	0.000000
16	0.089888	0.009242	0.000000	0.009235	0.003958	0.000000	0.000000	0.000000	0.001848	0.001443	0.008658	0.000000	0.000410	0.000000
17	0.065217	0.005639	0.000000	0.004184	0.001395	0.000000	0.004348	0.000000	0.000000	0.000000	0.006859	0.001372	0.000000	0.000000
18	0.066210	0.009542	0.000000	0.008837	0.001473	0.002283	0.002283	0.000000	0.001908	0.002509	0.001255	0.000000	0.000000	0.000000
19	0.076233	0.011278	0.002729	0.005457	0.000000	0.000000	0.000000	0.000000	0.001880	0.001376	0.006878	0.000000	0.000000	0.000000
20	0.055046	0.007168	0.000000	0.002878	0.001439	0.000000	0.000000	0.000000	0.000000	0.001335	0.004005	0.000000	0.000000	0.000000
21	0.060890	0.009141	0.000000	0.004249	0.000000	0.002342	0.000000	0.000000	0.000000	0.000000	0.006596	0.000000	0.000000	0.000000
22	0.072941	0.001773	0.001374	0.005495	0.000000	0.000000	0.000000	0.001773	0.000000	0.002774	0.005548	0.000000	0.000000	0.000000
23	0.069284	0.005495	0.001401	0.005602	0.000000	0.002309	0.000000	0.000000	0.000000	0.001342	0.004027	0.000000	0.000000	0.000000
24	0.079439	0.005455	0.000000	0.001437	0.000000	0.000000	0.007009	0.000000	0.000000	0.000000	0.010471	0.000000	0.000000	0.000000
