End	Std	Pos	A	C	G	T	Total
3p	+	1	218	107	94	464	883
3p	+	2	257	120	161	345	883
3p	+	3	353	136	117	277	883
3p	+	4	309	163	127	284	883
3p	+	5	305	173	128	277	883
3p	+	6	294	183	144	262	883
3p	+	7	277	201	133	272	883
3p	+	8	299	202	137	245	883
3p	+	9	316	224	115	228	883
3p	+	10	298	205	119	261	883
3p	+	11	298	216	110	259	883
3p	+	12	307	221	113	242	883
3p	+	13	264	244	126	249	883
3p	+	14	272	242	110	259	883
3p	+	15	320	211	116	236	883
3p	+	16	306	218	127	232	883
3p	+	17	258	246	136	243	883
3p	+	18	321	213	121	228	883
3p	+	19	307	216	121	239	883
3p	+	20	329	208	115	231	883
3p	+	21	281	225	122	255	883
3p	+	22	279	220	131	253	883
3p	+	23	304	217	121	241	883
3p	+	24	307	222	119	235	883
3p	+	25	280	222	132	249	883
3p	+	26	272	226	133	252	883
3p	+	27	310	199	127	247	883
3p	+	28	291	182	140	270	883
3p	+	29	309	155	134	285	883
3p	+	30	303	140	131	309	883
3p	+	31	243	120	116	264	743
3p	+	32	203	98	96	212	609
3p	+	33	184	66	86	151	487
3p	+	34	139	44	67	117	367
3p	+	35	99	43	47	100	289
3p	+	36	89	25	29	80	223
3p	+	37	67	16	22	63	168
3p	+	38	50	24	20	33	127
3p	+	39	41	14	18	28	101
3p	+	40	26	13	15	27	81
3p	+	41	23	9	5	27	64
3p	+	42	21	10	6	23	60
3p	+	43	11	4	8	21	44
3p	+	44	12	6	6	11	35
3p	+	45	12	4	3	4	23
3p	+	46	4	0	4	6	14
3p	+	47	3	0	2	4	9
3p	+	48	4	1	0	1	6
3p	+	49	0	0	0	1	1
3p	+	50	0	0	0	0	0
3p	+	51	0	0	0	0	0
3p	+	52	0	0	0	0	0
3p	+	53	0	0	0	0	0
3p	+	54	0	0	0	0	0
3p	+	55	0	0	0	0	0
3p	+	56	0	0	0	0	0
3p	+	57	0	0	0	0	0
3p	+	58	0	0	0	0	0
3p	+	59	0	0	0	0	0
3p	+	60	0	0	0	0	0
3p	+	61	0	0	0	0	0
3p	+	62	0	0	0	0	0
3p	+	63	0	0	0	0	0
3p	+	64	0	0	0	0	0
3p	+	65	0	0	0	0	0
3p	+	66	0	0	0	0	0
3p	+	67	0	0	0	0	0
3p	+	68	0	0	0	0	0
3p	+	69	0	0	0	0	0
3p	+	70	0	0	0	0	0
3p	+	71	0	0	0	0	0
3p	+	72	0	0	0	0	0
3p	+	73	0	0	0	0	0
3p	+	74	0	0	0	0	0
3p	+	75	0	0	0	0	0
3p	+	76	0	0	0	0	0
3p	+	77	0	0	0	0	0
3p	+	78	0	0	0	0	0
3p	+	79	0	0	0	0	0
3p	+	80	0	0	0	0	0
3p	+	81	0	0	0	0	0
3p	+	82	0	0	0	0	0
3p	+	83	0	0	0	0	0
3p	+	84	0	0	0	0	0
3p	+	85	0	0	0	0	0
3p	+	86	0	0	0	0	0
3p	+	87	0	0	0	0	0
3p	+	88	0	0	0	0	0
3p	+	89	0	0	0	0	0
3p	+	90	0	0	0	0	0
3p	+	91	0	0	0	0	0
3p	+	92	0	0	0	0	0
3p	+	93	0	0	0	0	0
3p	+	94	0	0	0	0	0
3p	+	95	0	0	0	0	0
3p	+	96	0	0	0	0	0
3p	+	97	0	0	0	0	0
3p	+	98	0	0	0	0	0
3p	+	99	0	0	0	0	0
3p	+	100	0	0	0	0	0
3p	-	1	339	83	401	732	1555
3p	-	2	309	93	502	651	1555
3p	-	3	439	100	474	542	1555
3p	-	4	425	106	478	546	1555
3p	-	5	416	159	440	540	1555
3p	-	6	396	158	416	585	1555
3p	-	7	391	156	444	564	1555
3p	-	8	367	184	478	526	1555
3p	-	9	411	152	444	548	1555
3p	-	10	418	151	474	512	1555
3p	-	11	391	158	471	535	1555
3p	-	12	452	171	400	532	1555
3p	-	13	403	191	438	523	1555
3p	-	14	406	178	407	564	1555
3p	-	15	419	197	437	502	1555
3p	-	16	409	161	448	537	1555
3p	-	17	427	181	404	543	1555
3p	-	18	428	198	434	495	1555
3p	-	19	383	166	478	528	1555
3p	-	20	410	187	469	489	1555
3p	-	21	428	208	440	479	1555
3p	-	22	395	191	445	524	1555
3p	-	23	408	191	419	537	1555
3p	-	24	425	171	422	537	1555
3p	-	25	372	186	458	539	1555
3p	-	26	418	154	456	527	1555
3p	-	27	414	163	465	513	1555
3p	-	28	384	125	477	569	1555
3p	-	29	413	129	446	567	1555
3p	-	30	435	104	453	563	1555
3p	-	31	332	104	420	502	1358
3p	-	32	300	72	335	457	1164
3p	-	33	265	59	254	381	959
3p	-	34	211	40	237	316	804
3p	-	35	163	39	202	243	647
3p	-	36	148	35	148	191	522
3p	-	37	106	27	117	177	427
3p	-	38	91	21	108	134	354
3p	-	39	89	10	74	117	290
3p	-	40	59	9	70	101	239
3p	-	41	49	10	66	75	200
3p	-	42	45	11	55	59	170
3p	-	43	30	5	50	44	129
3p	-	44	25	4	34	38	101
3p	-	45	16	7	26	30	79
3p	-	46	14	4	17	24	59
3p	-	47	7	0	18	17	42
3p	-	48	3	1	7	11	22
3p	-	49	5	0	4	0	9
3p	-	50	0	0	0	0	0
3p	-	51	0	0	0	0	0
3p	-	52	0	0	0	0	0
3p	-	53	0	0	0	0	0
3p	-	54	0	0	0	0	0
3p	-	55	0	0	0	0	0
3p	-	56	0	0	0	0	0
3p	-	57	0	0	0	0	0
3p	-	58	0	0	0	0	0
3p	-	59	0	0	0	0	0
3p	-	60	0	0	0	0	0
3p	-	61	0	0	0	0	0
3p	-	62	0	0	0	0	0
3p	-	63	0	0	0	0	0
3p	-	64	0	0	0	0	0
3p	-	65	0	0	0	0	0
3p	-	66	0	0	0	0	0
3p	-	67	0	0	0	0	0
3p	-	68	0	0	0	0	0
3p	-	69	0	0	0	0	0
3p	-	70	0	0	0	0	0
3p	-	71	0	0	0	0	0
3p	-	72	0	0	0	0	0
3p	-	73	0	0	0	0	0
3p	-	74	0	0	0	0	0
3p	-	75	0	0	0	0	0
3p	-	76	0	0	0	0	0
3p	-	77	0	0	0	0	0
3p	-	78	0	0	0	0	0
3p	-	79	0	0	0	0	0
3p	-	80	0	0	0	0	0
3p	-	81	0	0	0	0	0
3p	-	82	0	0	0	0	0
3p	-	83	0	0	0	0	0
3p	-	84	0	0	0	0	0
3p	-	85	0	0	0	0	0
3p	-	86	0	0	0	0	0
3p	-	87	0	0	0	0	0
3p	-	88	0	0	0	0	0
3p	-	89	0	0	0	0	0
3p	-	90	0	0	0	0	0
3p	-	91	0	0	0	0	0
3p	-	92	0	0	0	0	0
3p	-	93	0	0	0	0	0
3p	-	94	0	0	0	0	0
3p	-	95	0	0	0	0	0
3p	-	96	0	0	0	0	0
3p	-	97	0	0	0	0	0
3p	-	98	0	0	0	0	0
3p	-	99	0	0	0	0	0
3p	-	100	0	0	0	0	0
5p	+	1	331	72	144	336	883
5p	+	2	320	119	138	306	883
5p	+	3	301	140	147	295	883
5p	+	4	294	155	125	309	883
5p	+	5	301	173	132	277	883
5p	+	6	299	187	137	260	883
5p	+	7	308	174	134	267	883
5p	+	8	305	210	125	243	883
5p	+	9	285	201	135	262	883
5p	+	10	283	231	133	236	883
5p	+	11	297	230	129	227	883
5p	+	12	288	218	124	253	883
5p	+	13	318	198	130	237	883
5p	+	14	298	212	124	249	883
5p	+	15	290	230	110	253	883
5p	+	16	319	216	116	232	883
5p	+	17	310	225	120	228	883
5p	+	18	289	249	112	233	883
5p	+	19	278	235	114	256	883
5p	+	20	307	227	115	234	883
5p	+	21	281	235	121	246	883
5p	+	22	315	222	111	235	883
5p	+	23	298	226	117	242	883
5p	+	24	288	214	118	263	883
5p	+	25	277	224	122	260	883
5p	+	26	306	196	127	254	883
5p	+	27	308	201	138	236	883
5p	+	28	299	199	118	267	883
5p	+	29	279	169	125	310	883
5p	+	30	287	139	125	332	883
5p	+	31	241	113	104	285	743
5p	+	32	189	102	99	219	609
5p	+	33	154	76	83	174	487
5p	+	34	113	62	56	136	367
5p	+	35	96	44	41	108	289
5p	+	36	72	35	29	87	223
5p	+	37	62	12	31	63	168
5p	+	38	46	17	26	38	127
5p	+	39	30	16	19	36	101
5p	+	40	22	15	14	30	81
5p	+	41	26	9	13	16	64
5p	+	42	23	10	8	19	60
5p	+	43	19	6	8	11	44
5p	+	44	12	6	4	13	35
5p	+	45	4	1	4	14	23
5p	+	46	4	2	1	7	14
5p	+	47	3	0	2	4	9
5p	+	48	0	1	1	4	6
5p	+	49	0	0	1	0	1
5p	+	50	0	0	0	0	0
5p	+	51	0	0	0	0	0
5p	+	52	0	0	0	0	0
5p	+	53	0	0	0	0	0
5p	+	54	0	0	0	0	0
5p	+	55	0	0	0	0	0
5p	+	56	0	0	0	0	0
5p	+	57	0	0	0	0	0
5p	+	58	0	0	0	0	0
5p	+	59	0	0	0	0	0
5p	+	60	0	0	0	0	0
5p	+	61	0	0	0	0	0
5p	+	62	0	0	0	0	0
5p	+	63	0	0	0	0	0
5p	+	64	0	0	0	0	0
5p	+	65	0	0	0	0	0
5p	+	66	0	0	0	0	0
5p	+	67	0	0	0	0	0
5p	+	68	0	0	0	0	0
5p	+	69	0	0	0	0	0
5p	+	70	0	0	0	0	0
5p	+	71	0	0	0	0	0
5p	+	72	0	0	0	0	0
5p	+	73	0	0	0	0	0
5p	+	74	0	0	0	0	0
5p	+	75	0	0	0	0	0
5p	+	76	0	0	0	0	0
5p	+	77	0	0	0	0	0
5p	+	78	0	0	0	0	0
5p	+	79	0	0	0	0	0
5p	+	80	0	0	0	0	0
5p	+	81	0	0	0	0	0
5p	+	82	0	0	0	0	0
5p	+	83	0	0	0	0	0
5p	+	84	0	0	0	0	0
5p	+	85	0	0	0	0	0
5p	+	86	0	0	0	0	0
5p	+	87	0	0	0	0	0
5p	+	88	0	0	0	0	0
5p	+	89	0	0	0	0	0
5p	+	90	0	0	0	0	0
5p	+	91	0	0	0	0	0
5p	+	92	0	0	0	0	0
5p	+	93	0	0	0	0	0
5p	+	94	0	0	0	0	0
5p	+	95	0	0	0	0	0
5p	+	96	0	0	0	0	0
5p	+	97	0	0	0	0	0
5p	+	98	0	0	0	0	0
5p	+	99	0	0	0	0	0
5p	+	100	0	0	0	0	0
5p	-	1	427	47	446	635	1555
5p	-	2	409	92	432	622	1555
5p	-	3	397	99	445	614	1555
5p	-	4	392	105	469	589	1555
5p	-	5	390	134	498	533	1555
5p	-	6	412	138	478	527	1555
5p	-	7	391	129	501	534	1555
5p	-	8	389	158	447	561	1555
5p	-	9	395	171	461	528	1555
5p	-	10	390	175	422	568	1555
5p	-	11	452	170	433	500	1555
5p	-	12	411	153	462	529	1555
5p	-	13	397	149	473	536	1555
5p	-	14	451	195	425	484	1555
5p	-	15	398	186	454	517	1555
5p	-	16	388	163	473	531	1555
5p	-	17	444	187	422	502	1555
5p	-	18	427	184	423	521	1555
5p	-	19	402	173	411	569	1555
5p	-	20	427	192	414	522	1555
5p	-	21	416	180	435	524	1555
5p	-	22	394	183	434	544	1555
5p	-	23	428	174	449	504	1555
5p	-	24	426	192	429	508	1555
5p	-	25	421	175	429	530	1555
5p	-	26	388	189	462	516	1555
5p	-	27	384	158	463	550	1555
5p	-	28	392	154	454	555	1555
5p	-	29	387	134	468	566	1555
5p	-	30	377	123	439	616	1555
5p	-	31	341	98	397	522	1358
5p	-	32	304	78	325	457	1164
5p	-	33	221	72	279	387	959
5p	-	34	210	70	238	286	804
5p	-	35	168	50	174	255	647
5p	-	36	144	35	154	189	522
5p	-	37	104	38	118	167	427
5p	-	38	92	25	101	136	354
5p	-	39	80	22	82	106	290
5p	-	40	45	17	75	102	239
5p	-	41	48	13	64	75	200
5p	-	42	43	6	68	53	170
5p	-	43	18	6	47	58	129
5p	-	44	30	6	27	38	101
5p	-	45	17	4	17	41	79
5p	-	46	10	3	15	31	59
5p	-	47	6	4	15	17	42
5p	-	48	2	0	10	10	22
5p	-	49	4	1	3	1	9
5p	-	50	0	0	0	0	0
5p	-	51	0	0	0	0	0
5p	-	52	0	0	0	0	0
5p	-	53	0	0	0	0	0
5p	-	54	0	0	0	0	0
5p	-	55	0	0	0	0	0
5p	-	56	0	0	0	0	0
5p	-	57	0	0	0	0	0
5p	-	58	0	0	0	0	0
5p	-	59	0	0	0	0	0
5p	-	60	0	0	0	0	0
5p	-	61	0	0	0	0	0
5p	-	62	0	0	0	0	0
5p	-	63	0	0	0	0	0
5p	-	64	0	0	0	0	0
5p	-	65	0	0	0	0	0
5p	-	66	0	0	0	0	0
5p	-	67	0	0	0	0	0
5p	-	68	0	0	0	0	0
5p	-	69	0	0	0	0	0
5p	-	70	0	0	0	0	0
5p	-	71	0	0	0	0	0
5p	-	72	0	0	0	0	0
5p	-	73	0	0	0	0	0
5p	-	74	0	0	0	0	0
5p	-	75	0	0	0	0	0
5p	-	76	0	0	0	0	0
5p	-	77	0	0	0	0	0
5p	-	78	0	0	0	0	0
5p	-	79	0	0	0	0	0
5p	-	80	0	0	0	0	0
5p	-	81	0	0	0	0	0
5p	-	82	0	0	0	0	0
5p	-	83	0	0	0	0	0
5p	-	84	0	0	0	0	0
5p	-	85	0	0	0	0	0
5p	-	86	0	0	0	0	0
5p	-	87	0	0	0	0	0
5p	-	88	0	0	0	0	0
5p	-	89	0	0	0	0	0
5p	-	90	0	0	0	0	0
5p	-	91	0	0	0	0	0
5p	-	92	0	0	0	0	0
5p	-	93	0	0	0	0	0
5p	-	94	0	0	0	0	0
5p	-	95	0	0	0	0	0
5p	-	96	0	0	0	0	0
5p	-	97	0	0	0	0	0
5p	-	98	0	0	0	0	0
5p	-	99	0	0	0	0	0
5p	-	100	0	0	0	0	0
