Pos	C>T	G>A	A>C	A>G	A>T	C>A	C>G	G>C	G>T	T>A	T>C	T>G	->ACGT	ACGT>-
24	0.116331	0.008757	0.002894	0.005789	0.000000	0.000000	0.000000	0.000000	0.000000	0.002653	0.005305	0.001326	0.000000	0.000000
23	0.090703	0.003540	0.000000	0.008571	0.000000	0.000000	0.000000	0.000000	0.001770	0.000000	0.001321	0.000000	0.000000	0.000000
22	0.045131	0.001812	0.000000	0.004317	0.000000	0.002375	0.000000	0.000000	0.000000	0.001258	0.001258	0.000000	0.000000	0.000000
21	0.055416	0.008347	0.000000	0.008380	0.001397	0.002519	0.000000	0.000000	0.001669	0.000000	0.002663	0.000000	0.000000	0.000000
20	0.036697	0.003401	0.001399	0.005594	0.001399	0.000000	0.000000	0.000000	0.001701	0.000000	0.008287	0.000000	0.000000	0.000000
19	0.053419	0.005017	0.000000	0.007622	0.000000	0.000000	0.000000	0.000000	0.001672	0.000000	0.004049	0.001350	0.000000	0.000000
18	0.055427	0.003717	0.000000	0.010417	0.001488	0.000000	0.000000	0.000000	0.000000	0.001220	0.006098	0.001220	0.000000	0.000000
17	0.054054	0.005137	0.000000	0.004155	0.001385	0.000000	0.000000	0.000000	0.000000	0.002805	0.007013	0.001403	0.000000	0.000000
16	0.060465	0.003472	0.000000	0.007153	0.001431	0.000000	0.000000	0.000000	0.000000	0.001319	0.002639	0.000000	0.000000	0.000000
15	0.076037	0.004959	0.000000	0.007463	0.000000	0.000000	0.000000	0.000000	0.000000	0.001328	0.001328	0.001328	0.000406	0.000000
14	0.070776	0.005348	0.000000	0.001381	0.001381	0.000000	0.000000	0.000000	0.000000	0.000000	0.005405	0.000000	0.000000	0.000000
13	0.093478	0.005425	0.000000	0.004286	0.000000	0.000000	0.000000	0.000000	0.001808	0.001333	0.002667	0.002667	0.000000	0.000000
12	0.084668	0.003683	0.000000	0.007174	0.001435	0.000000	0.000000	0.000000	0.000000	0.001272	0.006361	0.000000	0.000000	0.000000
11	0.088452	0.004769	0.000000	0.005540	0.000000	0.000000	0.002457	0.000000	0.001590	0.001418	0.005674	0.000000	0.000000	0.000000
10	0.078571	0.005076	0.000000	0.008310	0.000000	0.000000	0.002381	0.000000	0.000000	0.001370	0.004110	0.001370	0.000000	0.000000
9	0.108046	0.009009	0.000000	0.006993	0.001399	0.000000	0.000000	0.000000	0.000000	0.000000	0.005277	0.000000	0.000000	0.000000
8	0.115090	0.005415	0.000000	0.006859	0.001372	0.000000	0.000000	0.001805	0.000000	0.001267	0.006337	0.000000	0.000000	0.000000
7	0.140878	0.005164	0.001460	0.005839	0.000000	0.000000	0.000000	0.000000	0.000000	0.000000	0.001309	0.001309	0.000000	0.000000
6	0.150115	0.007156	0.000000	0.009736	0.000000	0.000000	0.002309	0.001789	0.003578	0.000000	0.006649	0.000000	0.000000	0.000000
5	0.153302	0.009124	0.000000	0.002751	0.000000	0.000000	0.002358	0.000000	0.001825	0.000000	0.001309	0.001309	0.000000	0.000000
4	0.206651	0.004934	0.001479	0.005917	0.000000	0.000000	0.000000	0.000000	0.001645	0.000000	0.000000	0.000000	0.000000	0.000000
3	0.229730	0.004808	0.001408	0.004225	0.001408	0.005405	0.000000	0.000000	0.000000	0.001318	0.003953	0.000000	0.000000	0.000000
2	0.396011	0.006944	0.000000	0.005013	0.002506	0.002849	0.000000	0.001736	0.000000	0.000000	0.001355	0.000000	0.000000	0.000000
1	0.473815	0.002903	0.000000	0.003630	0.001815	0.000000	0.000000	0.000000	0.000000	0.000000	0.004866	0.000000	0.000000	0.000000
0	0.569794	0.005495	0.000000	0.005319	0.003546	0.000000	0.000000	0.000000	0.000000	0.000000	0.002183	0.002183	0.000000	0.000000
