Pos	C>T	G>A	A>C	A>G	A>T	C>A	C>G	G>C	G>T	T>A	T>C	T>G	->ACGT	ACGT>-
0	0.608955	0.004862	0.001348	0.006739	0.000000	0.000000	0.002985	0.000000	0.000000	0.001300	0.001300	0.000000	0.000000	0.000000
1	0.498615	0.013267	0.000000	0.008152	0.000000	0.000000	0.000000	0.000000	0.001658	0.002621	0.003932	0.000000	0.000000	0.000000
2	0.376923	0.014011	0.002933	0.001466	0.000000	0.000000	0.000000	0.003503	0.000000	0.002439	0.001220	0.001220	0.000000	0.000000
3	0.328947	0.003279	0.001381	0.005525	0.001381	0.002632	0.000000	0.000000	0.000000	0.002670	0.005340	0.001335	0.000000	0.000000
4	0.262136	0.003413	0.000000	0.006916	0.000000	0.000000	0.000000	0.000000	0.000000	0.001348	0.006739	0.002695	0.000000	0.000000
5	0.216285	0.009917	0.001362	0.006812	0.001362	0.000000	0.000000	0.000000	0.000000	0.004104	0.008208	0.000000	0.000000	0.000000
6	0.198068	0.005181	0.000000	0.006974	0.000000	0.000000	0.002415	0.000000	0.000000	0.003984	0.000000	0.000000	0.000000	0.000000
7	0.136150	0.008993	0.001408	0.008451	0.000000	0.000000	0.000000	0.000000	0.000000	0.002594	0.002594	0.000000	0.000000	0.000000
8	0.083744	0.003396	0.001395	0.001395	0.001395	0.000000	0.000000	0.000000	0.000000	0.000000	0.001332	0.000000	0.000000	0.000000
9	0.095923	0.005199	0.001372	0.004115	0.000000	0.000000	0.000000	0.000000	0.000000	0.001351	0.001351	0.001351	0.000000	0.000000
10	0.053738	0.003663	0.001410	0.008463	0.000000	0.000000	0.000000	0.000000	0.001832	0.001282	0.002564	0.001282	0.000000	0.000000
11	0.086747	0.005425	0.000000	0.008299	0.000000	0.002410	0.000000	0.000000	0.000000	0.000000	0.005181	0.000000	0.000000	0.000000
12	0.060465	0.008606	0.000000	0.002890	0.000000	0.000000	0.000000	0.000000	0.003442	0.000000	0.006579	0.000000	0.000000	0.000000
13	0.068720	0.001761	0.000000	0.011396	0.001425	0.000000	0.000000	0.000000	0.000000	0.002594	0.001297	0.000000	0.000000	0.000000
14	0.078431	0.003472	0.000000	0.008584	0.001431	0.000000	0.000000	0.000000	0.000000	0.002743	0.004115	0.000000	0.000000	0.000000
15	0.054118	0.005226	0.000000	0.009722	0.000000	0.000000	0.000000	0.000000	0.000000	0.002688	0.001344	0.002688	0.000000	0.000000
16	0.058957	0.005017	0.000000	0.008876	0.000000	0.000000	0.000000	0.000000	0.000000	0.001337	0.006684	0.000000	0.000000	0.000000
17	0.079439	0.003384	0.000000	0.001425	0.001425	0.000000	0.000000	0.000000	0.000000	0.000000	0.005391	0.002695	0.000000	0.000000
18	0.058296	0.001786	0.000000	0.001387	0.000000	0.002242	0.000000	0.000000	0.001786	0.000000	0.002717	0.000000	0.000000	0.000000
19	0.061269	0.003367	0.000000	0.011662	0.000000	0.000000	0.000000	0.000000	0.000000	0.001377	0.008264	0.002755	0.000000	0.000000
20	0.078161	0.003515	0.000000	0.008451	0.001408	0.000000	0.000000	0.000000	0.003515	0.000000	0.006676	0.000000	0.000000	0.000000
21	0.053991	0.006667	0.000000	0.008811	0.000000	0.000000	0.000000	0.000000	0.000000	0.000000	0.003968	0.000000	0.000000	0.000000
22	0.071269	0.003861	0.000000	0.005472	0.000000	0.000000	0.000000	0.001931	0.000000	0.000000	0.002614	0.000000	0.000000	0.000000
23	0.076744	0.007005	0.001418	0.002837	0.002837	0.000000	0.002326	0.000000	0.000000	0.002642	0.006605	0.000000	0.000000	0.000000
24	0.089041	0.007117	0.000000	0.004144	0.000000	0.000000	0.002283	0.000000	0.000000	0.000000	0.001353	0.000000	0.000000	0.000000
