End	Std	Pos	A	C	G	T	Total
3p	+	1	235	111	115	414	875
3p	+	2	252	128	153	342	875
3p	+	3	349	121	119	286	875
3p	+	4	325	154	123	273	875
3p	+	5	266	167	138	304	875
3p	+	6	307	188	111	269	875
3p	+	7	296	209	109	261	875
3p	+	8	297	200	120	258	875
3p	+	9	297	221	106	251	875
3p	+	10	279	239	109	248	875
3p	+	11	275	224	133	243	875
3p	+	12	300	198	141	236	875
3p	+	13	283	222	111	259	875
3p	+	14	282	216	131	246	875
3p	+	15	289	224	140	222	875
3p	+	16	282	223	116	254	875
3p	+	17	277	221	140	237	875
3p	+	18	279	241	133	222	875
3p	+	19	273	243	103	256	875
3p	+	20	273	242	121	239	875
3p	+	21	289	234	125	227	875
3p	+	22	277	217	125	256	875
3p	+	23	282	219	130	244	875
3p	+	24	290	232	97	256	875
3p	+	25	289	225	110	251	875
3p	+	26	298	177	141	259	875
3p	+	27	324	187	129	235	875
3p	+	28	297	177	111	290	875
3p	+	29	285	142	142	306	875
3p	+	30	315	128	125	307	875
3p	+	31	214	106	97	279	696
3p	+	32	204	74	87	192	557
3p	+	33	173	62	62	140	437
3p	+	34	130	50	55	115	350
3p	+	35	93	39	37	105	274
3p	+	36	83	38	35	67	223
3p	+	37	48	20	36	62	166
3p	+	38	47	20	32	37	136
3p	+	39	28	23	12	38	101
3p	+	40	23	15	12	35	85
3p	+	41	27	9	8	21	65
3p	+	42	22	5	11	20	58
3p	+	43	13	5	7	17	42
3p	+	44	12	4	3	11	30
3p	+	45	8	1	5	10	24
3p	+	46	5	1	0	6	12
3p	+	47	4	0	2	2	8
3p	+	48	4	0	0	3	7
3p	+	49	2	0	0	0	2
3p	+	50	0	0	0	0	0
3p	+	51	0	0	0	0	0
3p	+	52	0	0	0	0	0
3p	+	53	0	0	0	0	0
3p	+	54	0	0	0	0	0
3p	+	55	0	0	0	0	0
3p	+	56	0	0	0	0	0
3p	+	57	0	0	0	0	0
3p	+	58	0	0	0	0	0
3p	+	59	0	0	0	0	0
3p	+	60	0	0	0	0	0
3p	+	61	0	0	0	0	0
3p	+	62	0	0	0	0	0
3p	+	63	0	0	0	0	0
3p	+	64	0	0	0	0	0
3p	+	65	0	0	0	0	0
3p	+	66	0	0	0	0	0
3p	+	67	0	0	0	0	0
3p	+	68	0	0	0	0	0
3p	+	69	0	0	0	0	0
3p	+	70	0	0	0	0	0
3p	+	71	0	0	0	0	0
3p	+	72	0	0	0	0	0
3p	+	73	0	0	0	0	0
3p	+	74	0	0	0	0	0
3p	+	75	0	0	0	0	0
3p	+	76	0	0	0	0	0
3p	+	77	0	0	0	0	0
3p	+	78	0	0	0	0	0
3p	+	79	0	0	0	0	0
3p	+	80	0	0	0	0	0
3p	+	81	0	0	0	0	0
3p	+	82	0	0	0	0	0
3p	+	83	0	0	0	0	0
3p	+	84	0	0	0	0	0
3p	+	85	0	0	0	0	0
3p	+	86	0	0	0	0	0
3p	+	87	0	0	0	0	0
3p	+	88	0	0	0	0	0
3p	+	89	0	0	0	0	0
3p	+	90	0	0	0	0	0
3p	+	91	0	0	0	0	0
3p	+	92	0	0	0	0	0
3p	+	93	0	0	0	0	0
3p	+	94	0	0	0	0	0
3p	+	95	0	0	0	0	0
3p	+	96	0	0	0	0	0
3p	+	97	0	0	0	0	0
3p	+	98	0	0	0	0	0
3p	+	99	0	0	0	0	0
3p	+	100	0	0	0	0	0
3p	-	1	327	79	433	749	1588
3p	-	2	298	87	536	667	1588
3p	-	3	448	92	456	592	1588
3p	-	4	386	133	501	568	1588
3p	-	5	408	168	470	542	1588
3p	-	6	423	171	435	559	1588
3p	-	7	420	164	451	553	1588
3p	-	8	386	174	463	565	1588
3p	-	9	430	131	449	578	1588
3p	-	10	435	153	446	554	1588
3p	-	11	445	165	463	515	1588
3p	-	12	422	176	489	501	1588
3p	-	13	411	183	435	559	1588
3p	-	14	419	203	423	543	1588
3p	-	15	436	187	419	546	1588
3p	-	16	387	180	492	529	1588
3p	-	17	419	185	439	545	1588
3p	-	18	444	184	452	508	1588
3p	-	19	394	171	441	582	1588
3p	-	20	381	204	479	524	1588
3p	-	21	422	193	464	509	1588
3p	-	22	438	159	474	517	1588
3p	-	23	413	183	424	568	1588
3p	-	24	406	170	471	541	1588
3p	-	25	403	176	461	548	1588
3p	-	26	371	184	448	585	1588
3p	-	27	414	172	462	540	1588
3p	-	28	430	142	412	604	1588
3p	-	29	398	150	441	599	1588
3p	-	30	478	113	481	516	1588
3p	-	31	364	86	392	523	1365
3p	-	32	323	73	340	425	1161
3p	-	33	269	51	296	333	949
3p	-	34	199	37	235	310	781
3p	-	35	155	41	199	249	644
3p	-	36	144	36	155	203	538
3p	-	37	115	23	128	162	428
3p	-	38	89	20	117	127	353
3p	-	39	94	16	85	99	294
3p	-	40	69	15	67	93	244
3p	-	41	58	10	65	78	211
3p	-	42	58	11	38	71	178
3p	-	43	41	12	44	42	139
3p	-	44	35	6	30	34	105
3p	-	45	17	5	16	32	70
3p	-	46	18	3	12	16	49
3p	-	47	7	1	10	13	31
3p	-	48	4	0	7	9	20
3p	-	49	1	1	4	4	10
3p	-	50	0	0	0	0	0
3p	-	51	0	0	0	0	0
3p	-	52	0	0	0	0	0
3p	-	53	0	0	0	0	0
3p	-	54	0	0	0	0	0
3p	-	55	0	0	0	0	0
3p	-	56	0	0	0	0	0
3p	-	57	0	0	0	0	0
3p	-	58	0	0	0	0	0
3p	-	59	0	0	0	0	0
3p	-	60	0	0	0	0	0
3p	-	61	0	0	0	0	0
3p	-	62	0	0	0	0	0
3p	-	63	0	0	0	0	0
3p	-	64	0	0	0	0	0
3p	-	65	0	0	0	0	0
3p	-	66	0	0	0	0	0
3p	-	67	0	0	0	0	0
3p	-	68	0	0	0	0	0
3p	-	69	0	0	0	0	0
3p	-	70	0	0	0	0	0
3p	-	71	0	0	0	0	0
3p	-	72	0	0	0	0	0
3p	-	73	0	0	0	0	0
3p	-	74	0	0	0	0	0
3p	-	75	0	0	0	0	0
3p	-	76	0	0	0	0	0
3p	-	77	0	0	0	0	0
3p	-	78	0	0	0	0	0
3p	-	79	0	0	0	0	0
3p	-	80	0	0	0	0	0
3p	-	81	0	0	0	0	0
3p	-	82	0	0	0	0	0
3p	-	83	0	0	0	0	0
3p	-	84	0	0	0	0	0
3p	-	85	0	0	0	0	0
3p	-	86	0	0	0	0	0
3p	-	87	0	0	0	0	0
3p	-	88	0	0	0	0	0
3p	-	89	0	0	0	0	0
3p	-	90	0	0	0	0	0
3p	-	91	0	0	0	0	0
3p	-	92	0	0	0	0	0
3p	-	93	0	0	0	0	0
3p	-	94	0	0	0	0	0
3p	-	95	0	0	0	0	0
3p	-	96	0	0	0	0	0
3p	-	97	0	0	0	0	0
3p	-	98	0	0	0	0	0
3p	-	99	0	0	0	0	0
3p	-	100	0	0	0	0	0
5p	+	1	306	83	138	348	875
5p	+	2	311	97	130	337	875
5p	+	3	270	144	120	341	875
5p	+	4	304	140	145	286	875
5p	+	5	315	163	119	278	875
5p	+	6	321	174	129	251	875
5p	+	7	305	199	120	251	875
5p	+	8	289	202	125	259	875
5p	+	9	299	203	123	250	875
5p	+	10	305	214	129	227	875
5p	+	11	296	233	100	246	875
5p	+	12	312	206	104	253	875
5p	+	13	266	234	116	259	875
5p	+	14	294	203	128	250	875
5p	+	15	275	223	128	249	875
5p	+	16	285	218	132	240	875
5p	+	17	271	243	119	242	875
5p	+	18	278	226	133	238	875
5p	+	19	294	221	136	224	875
5p	+	20	259	236	131	249	875
5p	+	21	278	242	134	221	875
5p	+	22	257	232	132	254	875
5p	+	23	295	224	103	253	875
5p	+	24	279	232	138	226	875
5p	+	25	296	234	101	244	875
5p	+	26	282	214	122	257	875
5p	+	27	274	214	117	270	875
5p	+	28	315	179	115	266	875
5p	+	29	294	157	129	295	875
5p	+	30	291	127	114	343	875
5p	+	31	236	112	102	246	696
5p	+	32	172	91	80	214	557
5p	+	33	155	51	67	164	437
5p	+	34	116	56	51	127	350
5p	+	35	92	42	34	106	274
5p	+	36	67	28	37	91	223
5p	+	37	55	20	22	69	166
5p	+	38	43	28	19	46	136
5p	+	39	35	18	19	29	101
5p	+	40	28	12	14	31	85
5p	+	41	23	4	19	19	65
5p	+	42	21	7	8	22	58
5p	+	43	13	6	6	17	42
5p	+	44	10	7	8	5	30
5p	+	45	12	3	5	4	24
5p	+	46	4	0	2	6	12
5p	+	47	3	0	0	5	8
5p	+	48	1	0	4	2	7
5p	+	49	0	0	1	1	2
5p	+	50	0	0	0	0	0
5p	+	51	0	0	0	0	0
5p	+	52	0	0	0	0	0
5p	+	53	0	0	0	0	0
5p	+	54	0	0	0	0	0
5p	+	55	0	0	0	0	0
5p	+	56	0	0	0	0	0
5p	+	57	0	0	0	0	0
5p	+	58	0	0	0	0	0
5p	+	59	0	0	0	0	0
5p	+	60	0	0	0	0	0
5p	+	61	0	0	0	0	0
5p	+	62	0	0	0	0	0
5p	+	63	0	0	0	0	0
5p	+	64	0	0	0	0	0
5p	+	65	0	0	0	0	0
5p	+	66	0	0	0	0	0
5p	+	67	0	0	0	0	0
5p	+	68	0	0	0	0	0
5p	+	69	0	0	0	0	0
5p	+	70	0	0	0	0	0
5p	+	71	0	0	0	0	0
5p	+	72	0	0	0	0	0
5p	+	73	0	0	0	0	0
5p	+	74	0	0	0	0	0
5p	+	75	0	0	0	0	0
5p	+	76	0	0	0	0	0
5p	+	77	0	0	0	0	0
5p	+	78	0	0	0	0	0
5p	+	79	0	0	0	0	0
5p	+	80	0	0	0	0	0
5p	+	81	0	0	0	0	0
5p	+	82	0	0	0	0	0
5p	+	83	0	0	0	0	0
5p	+	84	0	0	0	0	0
5p	+	85	0	0	0	0	0
5p	+	86	0	0	0	0	0
5p	+	87	0	0	0	0	0
5p	+	88	0	0	0	0	0
5p	+	89	0	0	0	0	0
5p	+	90	0	0	0	0	0
5p	+	91	0	0	0	0	0
5p	+	92	0	0	0	0	0
5p	+	93	0	0	0	0	0
5p	+	94	0	0	0	0	0
5p	+	95	0	0	0	0	0
5p	+	96	0	0	0	0	0
5p	+	97	0	0	0	0	0
5p	+	98	0	0	0	0	0
5p	+	99	0	0	0	0	0
5p	+	100	0	0	0	0	0
5p	-	1	434	49	482	623	1588
5p	-	2	429	87	470	602	1588
5p	-	3	419	104	443	622	1588
5p	-	4	419	119	468	582	1588
5p	-	5	406	146	472	564	1588
5p	-	6	415	141	475	557	1588
5p	-	7	413	132	462	581	1588
5p	-	8	421	169	432	566	1588
5p	-	9	417	171	465	535	1588
5p	-	10	424	165	449	550	1588
5p	-	11	409	175	450	554	1588
5p	-	12	409	176	452	551	1588
5p	-	13	429	175	460	524	1588
5p	-	14	402	191	447	548	1588
5p	-	15	421	203	452	512	1588
5p	-	16	433	185	448	522	1588
5p	-	17	403	177	482	526	1588
5p	-	18	424	172	459	533	1588
5p	-	19	428	200	423	537	1588
5p	-	20	422	199	471	496	1588
5p	-	21	427	164	437	560	1588
5p	-	22	422	174	470	522	1588
5p	-	23	434	196	416	542	1588
5p	-	24	427	170	432	559	1588
5p	-	25	429	165	461	533	1588
5p	-	26	398	183	467	540	1588
5p	-	27	437	165	448	538	1588
5p	-	28	406	171	476	535	1588
5p	-	29	406	146	469	567	1588
5p	-	30	383	113	431	661	1588
5p	-	31	326	110	398	531	1365
5p	-	32	263	70	353	475	1161
5p	-	33	237	57	281	374	949
5p	-	34	176	53	247	305	781
5p	-	35	151	43	196	254	644
5p	-	36	125	38	147	228	538
5p	-	37	103	23	130	172	428
5p	-	38	83	25	115	130	353
5p	-	39	73	23	89	109	294
5p	-	40	71	14	69	90	244
5p	-	41	56	16	61	78	211
5p	-	42	41	6	51	80	178
5p	-	43	34	8	50	47	139
5p	-	44	28	4	31	42	105
5p	-	45	15	3	25	27	70
5p	-	46	12	0	19	18	49
5p	-	47	8	2	10	11	31
5p	-	48	2	0	6	12	20
5p	-	49	2	1	3	4	10
5p	-	50	0	0	0	0	0
5p	-	51	0	0	0	0	0
5p	-	52	0	0	0	0	0
5p	-	53	0	0	0	0	0
5p	-	54	0	0	0	0	0
5p	-	55	0	0	0	0	0
5p	-	56	0	0	0	0	0
5p	-	57	0	0	0	0	0
5p	-	58	0	0	0	0	0
5p	-	59	0	0	0	0	0
5p	-	60	0	0	0	0	0
5p	-	61	0	0	0	0	0
5p	-	62	0	0	0	0	0
5p	-	63	0	0	0	0	0
5p	-	64	0	0	0	0	0
5p	-	65	0	0	0	0	0
5p	-	66	0	0	0	0	0
5p	-	67	0	0	0	0	0
5p	-	68	0	0	0	0	0
5p	-	69	0	0	0	0	0
5p	-	70	0	0	0	0	0
5p	-	71	0	0	0	0	0
5p	-	72	0	0	0	0	0
5p	-	73	0	0	0	0	0
5p	-	74	0	0	0	0	0
5p	-	75	0	0	0	0	0
5p	-	76	0	0	0	0	0
5p	-	77	0	0	0	0	0
5p	-	78	0	0	0	0	0
5p	-	79	0	0	0	0	0
5p	-	80	0	0	0	0	0
5p	-	81	0	0	0	0	0
5p	-	82	0	0	0	0	0
5p	-	83	0	0	0	0	0
5p	-	84	0	0	0	0	0
5p	-	85	0	0	0	0	0
5p	-	86	0	0	0	0	0
5p	-	87	0	0	0	0	0
5p	-	88	0	0	0	0	0
5p	-	89	0	0	0	0	0
5p	-	90	0	0	0	0	0
5p	-	91	0	0	0	0	0
5p	-	92	0	0	0	0	0
5p	-	93	0	0	0	0	0
5p	-	94	0	0	0	0	0
5p	-	95	0	0	0	0	0
5p	-	96	0	0	0	0	0
5p	-	97	0	0	0	0	0
5p	-	98	0	0	0	0	0
5p	-	99	0	0	0	0	0
5p	-	100	0	0	0	0	0
