Pos	C>T	G>A	A>C	A>G	A>T	C>A	C>G	G>C	G>T	T>A	T>C	T>G	->ACGT	ACGT>-
24	0.125144	0.005902	0.002285	0.005331	0.000000	0.000000	0.000000	0.000000	0.000843	0.000676	0.004730	0.000676	0.000000	0.000000
23	0.085181	0.005319	0.000000	0.004972	0.000000	0.000000	0.000000	0.000000	0.000887	0.000000	0.004118	0.000000	0.000000	0.000000
22	0.058473	0.004492	0.000000	0.005022	0.003587	0.001193	0.000000	0.000000	0.000000	0.000664	0.003322	0.000000	0.000000	0.000000
21	0.060284	0.007725	0.000736	0.007358	0.002208	0.001182	0.000000	0.000000	0.000858	0.000676	0.004054	0.000000	0.000000	0.000000
20	0.055944	0.006217	0.000691	0.008293	0.002073	0.000000	0.000000	0.000000	0.001776	0.000000	0.007047	0.000000	0.000000	0.000000
19	0.062706	0.006932	0.000760	0.006079	0.000000	0.000000	0.000000	0.000000	0.000867	0.001360	0.005438	0.000680	0.000000	0.000000
18	0.055814	0.004468	0.000000	0.008346	0.001517	0.001163	0.000000	0.000000	0.000000	0.001288	0.003863	0.001288	0.000000	0.000000
17	0.063947	0.005357	0.000000	0.004240	0.002827	0.002205	0.000000	0.000000	0.000000	0.001420	0.004972	0.001420	0.000000	0.000000
16	0.065243	0.002632	0.000000	0.005091	0.000727	0.000000	0.000000	0.000000	0.000000	0.002011	0.004021	0.000000	0.000000	0.000000
15	0.069658	0.004352	0.000000	0.008118	0.000738	0.000000	0.000000	0.000000	0.000000	0.000668	0.003338	0.001335	0.000206	0.000000
14	0.059484	0.004630	0.000000	0.004164	0.000694	0.000000	0.000000	0.000000	0.000926	0.000695	0.005563	0.000000	0.000000	0.000000
13	0.066362	0.004433	0.000000	0.006545	0.001455	0.000000	0.000000	0.000887	0.000887	0.000679	0.004752	0.001358	0.000000	0.000000
12	0.083532	0.007124	0.000000	0.008088	0.002206	0.000000	0.000000	0.000890	0.000000	0.001308	0.006540	0.000000	0.000000	0.000000
11	0.079268	0.006706	0.000000	0.007560	0.002062	0.000000	0.001220	0.000000	0.000838	0.001448	0.005793	0.000000	0.000206	0.000000
10	0.066748	0.006832	0.000000	0.006461	0.000718	0.000000	0.001214	0.000854	0.000000	0.000684	0.004104	0.000684	0.000000	0.000000
9	0.097701	0.005489	0.000000	0.008615	0.001436	0.001149	0.001149	0.000000	0.000000	0.000000	0.006024	0.000669	0.000000	0.000000
8	0.115055	0.002698	0.000000	0.007529	0.001369	0.000000	0.000000	0.000899	0.000000	0.002055	0.003425	0.000000	0.000000	0.000000
7	0.143713	0.005029	0.002278	0.004556	0.000000	0.000000	0.000000	0.001676	0.000000	0.000664	0.003987	0.001329	0.000000	0.000000
6	0.137592	0.006369	0.000000	0.011684	0.000000	0.000000	0.002457	0.000910	0.001820	0.000675	0.003376	0.000675	0.000206	0.000000
5	0.155718	0.010499	0.000000	0.003587	0.000717	0.000000	0.002433	0.000000	0.000875	0.000671	0.002683	0.002012	0.000000	0.000000
4	0.201422	0.003540	0.000730	0.004380	0.000000	0.000000	0.000000	0.000000	0.000885	0.001992	0.000664	0.000664	0.000000	0.000000
3	0.240885	0.005912	0.001431	0.004292	0.000715	0.002604	0.000000	0.000000	0.000000	0.001333	0.003333	0.000667	0.000000	0.000000
2	0.367232	0.006993	0.000635	0.006984	0.001905	0.002825	0.000000	0.000874	0.000000	0.000000	0.002108	0.000000	0.000000	0.000000
1	0.484185	0.002950	0.000000	0.005535	0.002768	0.000000	0.000000	0.000737	0.000000	0.000000	0.003778	0.000630	0.000000	0.000000
0	0.557583	0.003918	0.000919	0.001838	0.002757	0.000000	0.000000	0.000000	0.000000	0.000000	0.002146	0.001073	0.000000	0.000000
