Pos	C>T	G>A	A>C	A>G	A>T	C>A	C>G	G>C	G>T	T>A	T>C	T>G	->ACGT	ACGT>-
0	0.614198	0.003342	0.002004	0.006680	0.000000	0.000000	0.003086	0.000000	0.000000	0.001989	0.001326	0.000000	0.000000	0.000000
1	0.490196	0.011925	0.000693	0.006241	0.000000	0.000000	0.000000	0.000000	0.000852	0.001974	0.003947	0.000658	0.000000	0.000000
2	0.358389	0.006999	0.001419	0.004258	0.000710	0.000000	0.000000	0.001750	0.000000	0.001932	0.003863	0.000644	0.000000	0.000000
3	0.310867	0.001688	0.002037	0.005431	0.001358	0.001376	0.000000	0.000000	0.000000	0.003413	0.004096	0.001365	0.000000	0.000000
4	0.224905	0.003378	0.000000	0.006383	0.000709	0.000000	0.000000	0.000845	0.000845	0.001361	0.003404	0.001361	0.000000	0.000000
5	0.189677	0.006832	0.001417	0.006378	0.000709	0.000000	0.000000	0.001708	0.000000	0.003351	0.005362	0.000670	0.000000	0.000000
6	0.171934	0.005150	0.000713	0.004277	0.000000	0.000000	0.001264	0.000000	0.000000	0.002683	0.003353	0.000000	0.000000	0.000000
7	0.149453	0.005199	0.000714	0.005000	0.000714	0.000000	0.000000	0.000000	0.000000	0.001358	0.004752	0.000679	0.000000	0.000000
8	0.101281	0.005204	0.001443	0.007937	0.001443	0.000000	0.000000	0.000000	0.000000	0.001377	0.002755	0.000000	0.000000	0.000000
9	0.099644	0.006981	0.001434	0.005735	0.001434	0.000000	0.000000	0.000000	0.000000	0.000000	0.002046	0.000000	0.000000	0.000000
10	0.077014	0.003581	0.000712	0.007117	0.000712	0.000000	0.000000	0.000000	0.001791	0.002022	0.004043	0.000674	0.000000	0.000000
11	0.097814	0.006301	0.000000	0.007194	0.000719	0.002301	0.000000	0.000000	0.000900	0.000000	0.008784	0.000000	0.000000	0.000000
12	0.081535	0.009302	0.000726	0.004354	0.002177	0.001199	0.000000	0.000000	0.001860	0.001280	0.004479	0.000640	0.000000	0.000000
13	0.073200	0.004409	0.000000	0.009538	0.000734	0.000000	0.000000	0.000000	0.000000	0.001328	0.003320	0.000000	0.000000	0.000000
14	0.075991	0.000901	0.000000	0.006503	0.001445	0.001101	0.000000	0.000000	0.000000	0.001381	0.003453	0.000000	0.000000	0.000000
15	0.058005	0.005469	0.000000	0.009129	0.000000	0.000000	0.000000	0.000000	0.000000	0.002045	0.005453	0.001363	0.000000	0.000000
16	0.068075	0.005848	0.000000	0.005887	0.001472	0.000000	0.000000	0.000000	0.000835	0.000693	0.005548	0.000000	0.000000	0.000000
17	0.070218	0.001747	0.000000	0.004986	0.000712	0.000000	0.000000	0.000873	0.000000	0.001356	0.002712	0.001356	0.000000	0.000000
18	0.050057	0.006124	0.000000	0.004326	0.001442	0.001138	0.000000	0.000000	0.000875	0.000000	0.005552	0.000000	0.000000	0.000000
19	0.040909	0.003396	0.000000	0.008856	0.000738	0.000000	0.000000	0.000849	0.000000	0.000696	0.004875	0.002089	0.000000	0.000000
20	0.070423	0.007979	0.000000	0.006424	0.002141	0.000000	0.000000	0.000000	0.001773	0.000000	0.006807	0.000000	0.000000	0.000000
21	0.058824	0.006914	0.000000	0.010917	0.001456	0.000000	0.001176	0.000000	0.000000	0.000681	0.006127	0.000000	0.000000	0.000000
22	0.063604	0.004496	0.000000	0.005007	0.000715	0.001178	0.000000	0.001799	0.000000	0.000671	0.003353	0.000000	0.000000	0.000000
23	0.066743	0.006416	0.000706	0.004944	0.002825	0.000000	0.001151	0.000000	0.000000	0.002716	0.004752	0.001358	0.000206	0.000000
24	0.094160	0.005133	0.000000	0.006512	0.000724	0.000000	0.001192	0.000000	0.000855	0.000685	0.001370	0.000000	0.000000	0.000000
