End	Std	Pos	A	C	G	T	Total
3p	+	1	460	224	224	837	1745
3p	+	2	489	253	314	689	1745
3p	+	3	696	257	233	559	1745
3p	+	4	615	326	236	568	1745
3p	+	5	548	370	251	576	1745
3p	+	6	596	369	249	531	1745
3p	+	7	617	395	237	496	1745
3p	+	8	579	403	261	502	1745
3p	+	9	605	430	218	492	1745
3p	+	10	571	458	227	489	1745
3p	+	11	560	447	259	479	1745
3p	+	12	589	424	253	479	1745
3p	+	13	552	425	247	521	1745
3p	+	14	570	448	259	468	1745
3p	+	15	563	467	274	441	1745
3p	+	16	572	437	226	510	1745
3p	+	17	555	425	266	499	1745
3p	+	18	586	471	235	453	1745
3p	+	19	528	484	237	496	1745
3p	+	20	556	479	239	471	1745
3p	+	21	609	474	231	431	1745
3p	+	22	546	458	228	513	1745
3p	+	23	588	439	238	480	1745
3p	+	24	602	431	229	483	1745
3p	+	25	550	443	234	518	1745
3p	+	26	596	407	254	488	1745
3p	+	27	611	393	252	489	1745
3p	+	28	594	350	239	562	1745
3p	+	29	578	305	271	591	1745
3p	+	30	651	253	238	603	1745
3p	+	31	471	185	210	517	1383
3p	+	32	407	150	173	388	1118
3p	+	33	310	127	134	291	862
3p	+	34	264	93	96	248	701
3p	+	35	191	75	84	191	541
3p	+	36	170	70	76	120	436
3p	+	37	103	36	66	129	334
3p	+	38	97	29	64	87	277
3p	+	39	66	32	28	79	205
3p	+	40	52	31	28	63	174
3p	+	41	54	16	24	42	136
3p	+	42	42	13	18	43	116
3p	+	43	30	8	18	33	89
3p	+	44	23	5	14	23	65
3p	+	45	18	3	9	16	46
3p	+	46	11	2	1	11	25
3p	+	47	5	0	3	4	12
3p	+	48	4	0	1	3	8
3p	+	49	2	0	0	0	2
3p	+	50	0	0	0	0	0
3p	+	51	0	0	0	0	0
3p	+	52	0	0	0	0	0
3p	+	53	0	0	0	0	0
3p	+	54	0	0	0	0	0
3p	+	55	0	0	0	0	0
3p	+	56	0	0	0	0	0
3p	+	57	0	0	0	0	0
3p	+	58	0	0	0	0	0
3p	+	59	0	0	0	0	0
3p	+	60	0	0	0	0	0
3p	+	61	0	0	0	0	0
3p	+	62	0	0	0	0	0
3p	+	63	0	0	0	0	0
3p	+	64	0	0	0	0	0
3p	+	65	0	0	0	0	0
3p	+	66	0	0	0	0	0
3p	+	67	0	0	0	0	0
3p	+	68	0	0	0	0	0
3p	+	69	0	0	0	0	0
3p	+	70	0	0	0	0	0
3p	+	71	0	0	0	0	0
3p	+	72	0	0	0	0	0
3p	+	73	0	0	0	0	0
3p	+	74	0	0	0	0	0
3p	+	75	0	0	0	0	0
3p	+	76	0	0	0	0	0
3p	+	77	0	0	0	0	0
3p	+	78	0	0	0	0	0
3p	+	79	0	0	0	0	0
3p	+	80	0	0	0	0	0
3p	+	81	0	0	0	0	0
3p	+	82	0	0	0	0	0
3p	+	83	0	0	0	0	0
3p	+	84	0	0	0	0	0
3p	+	85	0	0	0	0	0
3p	+	86	0	0	0	0	0
3p	+	87	0	0	0	0	0
3p	+	88	0	0	0	0	0
3p	+	89	0	0	0	0	0
3p	+	90	0	0	0	0	0
3p	+	91	0	0	0	0	0
3p	+	92	0	0	0	0	0
3p	+	93	0	0	0	0	0
3p	+	94	0	0	0	0	0
3p	+	95	0	0	0	0	0
3p	+	96	0	0	0	0	0
3p	+	97	0	0	0	0	0
3p	+	98	0	0	0	0	0
3p	+	99	0	0	0	0	0
3p	+	100	0	0	0	0	0
3p	-	1	626	169	797	1513	3105
3p	-	2	590	178	1044	1293	3105
3p	-	3	874	194	913	1124	3105
3p	-	4	785	262	948	1110	3105
3p	-	5	822	306	881	1096	3105
3p	-	6	805	327	891	1082	3105
3p	-	7	830	311	872	1092	3105
3p	-	8	736	323	932	1114	3105
3p	-	9	849	299	901	1056	3105
3p	-	10	815	334	874	1082	3105
3p	-	11	832	328	914	1031	3105
3p	-	12	862	338	944	961	3105
3p	-	13	804	354	878	1069	3105
3p	-	14	800	376	873	1056	3105
3p	-	15	877	379	806	1043	3105
3p	-	16	777	357	931	1040	3105
3p	-	17	818	369	878	1040	3105
3p	-	18	829	383	887	1006	3105
3p	-	19	785	333	890	1097	3105
3p	-	20	761	382	915	1047	3105
3p	-	21	829	347	898	1031	3105
3p	-	22	810	343	937	1015	3105
3p	-	23	801	354	877	1073	3105
3p	-	24	805	359	899	1042	3105
3p	-	25	761	329	952	1063	3105
3p	-	26	755	341	884	1125	3105
3p	-	27	827	327	908	1043	3105
3p	-	28	818	285	872	1130	3105
3p	-	29	828	282	850	1145	3105
3p	-	30	870	222	950	1063	3105
3p	-	31	690	176	760	1003	2629
3p	-	32	594	147	648	830	2219
3p	-	33	524	121	523	658	1826
3p	-	34	393	75	458	592	1518
3p	-	35	328	89	376	463	1256
3p	-	36	284	65	320	373	1042
3p	-	37	217	52	258	317	844
3p	-	38	182	36	227	260	705
3p	-	39	161	37	169	209	576
3p	-	40	126	30	115	197	468
3p	-	41	108	19	110	156	393
3p	-	42	88	24	98	123	333
3p	-	43	77	19	73	93	262
3p	-	44	61	11	59	63	194
3p	-	45	36	9	31	61	137
3p	-	46	25	5	29	37	96
3p	-	47	14	1	21	22	58
3p	-	48	9	0	12	12	33
3p	-	49	0	1	7	6	14
3p	-	50	0	0	0	0	0
3p	-	51	0	0	0	0	0
3p	-	52	0	0	0	0	0
3p	-	53	0	0	0	0	0
3p	-	54	0	0	0	0	0
3p	-	55	0	0	0	0	0
3p	-	56	0	0	0	0	0
3p	-	57	0	0	0	0	0
3p	-	58	0	0	0	0	0
3p	-	59	0	0	0	0	0
3p	-	60	0	0	0	0	0
3p	-	61	0	0	0	0	0
3p	-	62	0	0	0	0	0
3p	-	63	0	0	0	0	0
3p	-	64	0	0	0	0	0
3p	-	65	0	0	0	0	0
3p	-	66	0	0	0	0	0
3p	-	67	0	0	0	0	0
3p	-	68	0	0	0	0	0
3p	-	69	0	0	0	0	0
3p	-	70	0	0	0	0	0
3p	-	71	0	0	0	0	0
3p	-	72	0	0	0	0	0
3p	-	73	0	0	0	0	0
3p	-	74	0	0	0	0	0
3p	-	75	0	0	0	0	0
3p	-	76	0	0	0	0	0
3p	-	77	0	0	0	0	0
3p	-	78	0	0	0	0	0
3p	-	79	0	0	0	0	0
3p	-	80	0	0	0	0	0
3p	-	81	0	0	0	0	0
3p	-	82	0	0	0	0	0
3p	-	83	0	0	0	0	0
3p	-	84	0	0	0	0	0
3p	-	85	0	0	0	0	0
3p	-	86	0	0	0	0	0
3p	-	87	0	0	0	0	0
3p	-	88	0	0	0	0	0
3p	-	89	0	0	0	0	0
3p	-	90	0	0	0	0	0
3p	-	91	0	0	0	0	0
3p	-	92	0	0	0	0	0
3p	-	93	0	0	0	0	0
3p	-	94	0	0	0	0	0
3p	-	95	0	0	0	0	0
3p	-	96	0	0	0	0	0
3p	-	97	0	0	0	0	0
3p	-	98	0	0	0	0	0
3p	-	99	0	0	0	0	0
3p	-	100	0	0	0	0	0
5p	+	1	648	147	278	672	1745
5p	+	2	610	198	251	686	1745
5p	+	3	606	268	262	609	1745
5p	+	4	612	295	277	561	1745
5p	+	5	599	337	252	557	1745
5p	+	6	615	352	248	530	1745
5p	+	7	615	379	238	513	1745
5p	+	8	602	372	264	507	1745
5p	+	9	566	439	257	483	1745
5p	+	10	576	445	247	477	1745
5p	+	11	578	439	232	496	1745
5p	+	12	611	435	217	482	1745
5p	+	13	558	448	219	520	1745
5p	+	14	571	429	246	499	1745
5p	+	15	568	458	243	476	1745
5p	+	16	580	448	240	477	1745
5p	+	17	580	452	244	469	1745
5p	+	18	566	440	271	468	1745
5p	+	19	566	462	253	464	1745
5p	+	20	520	488	253	484	1745
5p	+	21	566	455	253	471	1745
5p	+	22	540	468	246	491	1745
5p	+	23	579	428	243	495	1745
5p	+	24	575	468	252	450	1745
5p	+	25	575	449	229	492	1745
5p	+	26	562	450	258	475	1745
5p	+	27	590	392	240	523	1745
5p	+	28	634	359	229	523	1745
5p	+	29	577	322	252	594	1745
5p	+	30	576	291	227	651	1745
5p	+	31	457	227	209	490	1383
5p	+	32	355	167	176	420	1118
5p	+	33	291	117	128	326	862
5p	+	34	242	114	98	247	701
5p	+	35	168	91	72	210	541
5p	+	36	132	76	70	158	436
5p	+	37	114	46	46	128	334
5p	+	38	94	43	45	95	277
5p	+	39	64	35	34	72	205
5p	+	40	51	26	27	70	174
5p	+	41	42	14	26	54	136
5p	+	42	41	15	15	45	116
5p	+	43	25	12	12	40	89
5p	+	44	23	12	12	18	65
5p	+	45	18	7	7	14	46
5p	+	46	8	5	2	10	25
5p	+	47	5	0	1	6	12
5p	+	48	1	0	4	3	8
5p	+	49	0	0	1	1	2
5p	+	50	0	0	0	0	0
5p	+	51	0	0	0	0	0
5p	+	52	0	0	0	0	0
5p	+	53	0	0	0	0	0
5p	+	54	0	0	0	0	0
5p	+	55	0	0	0	0	0
5p	+	56	0	0	0	0	0
5p	+	57	0	0	0	0	0
5p	+	58	0	0	0	0	0
5p	+	59	0	0	0	0	0
5p	+	60	0	0	0	0	0
5p	+	61	0	0	0	0	0
5p	+	62	0	0	0	0	0
5p	+	63	0	0	0	0	0
5p	+	64	0	0	0	0	0
5p	+	65	0	0	0	0	0
5p	+	66	0	0	0	0	0
5p	+	67	0	0	0	0	0
5p	+	68	0	0	0	0	0
5p	+	69	0	0	0	0	0
5p	+	70	0	0	0	0	0
5p	+	71	0	0	0	0	0
5p	+	72	0	0	0	0	0
5p	+	73	0	0	0	0	0
5p	+	74	0	0	0	0	0
5p	+	75	0	0	0	0	0
5p	+	76	0	0	0	0	0
5p	+	77	0	0	0	0	0
5p	+	78	0	0	0	0	0
5p	+	79	0	0	0	0	0
5p	+	80	0	0	0	0	0
5p	+	81	0	0	0	0	0
5p	+	82	0	0	0	0	0
5p	+	83	0	0	0	0	0
5p	+	84	0	0	0	0	0
5p	+	85	0	0	0	0	0
5p	+	86	0	0	0	0	0
5p	+	87	0	0	0	0	0
5p	+	88	0	0	0	0	0
5p	+	89	0	0	0	0	0
5p	+	90	0	0	0	0	0
5p	+	91	0	0	0	0	0
5p	+	92	0	0	0	0	0
5p	+	93	0	0	0	0	0
5p	+	94	0	0	0	0	0
5p	+	95	0	0	0	0	0
5p	+	96	0	0	0	0	0
5p	+	97	0	0	0	0	0
5p	+	98	0	0	0	0	0
5p	+	99	0	0	0	0	0
5p	+	100	0	0	0	0	0
5p	-	1	843	106	927	1229	3105
5p	-	2	839	173	918	1175	3105
5p	-	3	805	220	878	1202	3105
5p	-	4	856	214	916	1119	3105
5p	-	5	807	279	937	1082	3105
5p	-	6	797	288	924	1096	3105
5p	-	7	791	281	928	1105	3105
5p	-	8	797	336	892	1080	3105
5p	-	9	813	339	901	1052	3105
5p	-	10	815	319	899	1072	3105
5p	-	11	822	347	890	1046	3105
5p	-	12	777	360	896	1072	3105
5p	-	13	823	325	851	1106	3105
5p	-	14	785	361	896	1063	3105
5p	-	15	809	385	875	1036	3105
5p	-	16	840	372	866	1027	3105
5p	-	17	777	350	953	1025	3105
5p	-	18	834	333	880	1058	3105
5p	-	19	821	380	888	1016	3105
5p	-	20	827	364	936	978	3105
5p	-	21	832	347	873	1053	3105
5p	-	22	826	340	919	1020	3105
5p	-	23	818	373	869	1045	3105
5p	-	24	841	350	842	1072	3105
5p	-	25	804	312	943	1046	3105
5p	-	26	801	363	904	1037	3105
5p	-	27	815	333	892	1065	3105
5p	-	28	814	331	891	1069	3105
5p	-	29	782	295	912	1116	3105
5p	-	30	729	237	864	1275	3105
5p	-	31	639	196	777	1017	2629
5p	-	32	532	145	631	911	2219
5p	-	33	446	116	552	712	1826
5p	-	34	370	106	460	582	1518
5p	-	35	317	99	357	483	1256
5p	-	36	248	74	312	408	1042
5p	-	37	205	35	273	331	844
5p	-	38	184	54	202	265	705
5p	-	39	130	51	173	222	576
5p	-	40	125	30	129	184	468
5p	-	41	95	36	109	153	393
5p	-	42	78	14	100	141	333
5p	-	43	71	11	83	97	262
5p	-	44	44	9	58	83	194
5p	-	45	28	8	45	56	137
5p	-	46	24	5	32	35	96
5p	-	47	12	4	22	20	58
5p	-	48	6	1	12	14	33
5p	-	49	4	1	3	6	14
5p	-	50	0	0	0	0	0
5p	-	51	0	0	0	0	0
5p	-	52	0	0	0	0	0
5p	-	53	0	0	0	0	0
5p	-	54	0	0	0	0	0
5p	-	55	0	0	0	0	0
5p	-	56	0	0	0	0	0
5p	-	57	0	0	0	0	0
5p	-	58	0	0	0	0	0
5p	-	59	0	0	0	0	0
5p	-	60	0	0	0	0	0
5p	-	61	0	0	0	0	0
5p	-	62	0	0	0	0	0
5p	-	63	0	0	0	0	0
5p	-	64	0	0	0	0	0
5p	-	65	0	0	0	0	0
5p	-	66	0	0	0	0	0
5p	-	67	0	0	0	0	0
5p	-	68	0	0	0	0	0
5p	-	69	0	0	0	0	0
5p	-	70	0	0	0	0	0
5p	-	71	0	0	0	0	0
5p	-	72	0	0	0	0	0
5p	-	73	0	0	0	0	0
5p	-	74	0	0	0	0	0
5p	-	75	0	0	0	0	0
5p	-	76	0	0	0	0	0
5p	-	77	0	0	0	0	0
5p	-	78	0	0	0	0	0
5p	-	79	0	0	0	0	0
5p	-	80	0	0	0	0	0
5p	-	81	0	0	0	0	0
5p	-	82	0	0	0	0	0
5p	-	83	0	0	0	0	0
5p	-	84	0	0	0	0	0
5p	-	85	0	0	0	0	0
5p	-	86	0	0	0	0	0
5p	-	87	0	0	0	0	0
5p	-	88	0	0	0	0	0
5p	-	89	0	0	0	0	0
5p	-	90	0	0	0	0	0
5p	-	91	0	0	0	0	0
5p	-	92	0	0	0	0	0
5p	-	93	0	0	0	0	0
5p	-	94	0	0	0	0	0
5p	-	95	0	0	0	0	0
5p	-	96	0	0	0	0	0
5p	-	97	0	0	0	0	0
5p	-	98	0	0	0	0	0
5p	-	99	0	0	0	0	0
5p	-	100	0	0	0	0	0
