# Position (bp)	A	C	G	T	N
0.0	42.6537350392076	19.087907552620717	9.120924473792819	29.13743293437887	0.0
1.0	40.42509286009079	24.7214197276104	9.55427156417664	25.299215848122163	0.0
2.0	34.83285183656624	24.246801485761452	10.379694593479158	30.540652084193148	0.0
3.0	34.91539413949649	25.815105241436235	10.957490713990921	28.31200990507635	0.0
4.0	36.15352868345027	24.783326454808087	11.349566652909617	27.713578208832025	0.0
5.0	34.79158068510112	26.042096574494426	12.092447379281882	27.073875361122575	0.0
6.0	34.56458935204292	26.599257119273627	11.452744531572431	27.38340899711102	0.0
7.0	35.410647957078	27.321502269913328	11.019397441188609	26.24845233182006	0.0
8.0	32.70738753611226	26.186545604622367	12.876599257119272	28.2294676021461	0.0
9.0	34.77094510936855	26.702434997936443	12.278167560874948	26.24845233182006	0.0
10.0	34.21378456458935	26.207181180354933	12.855963681386712	26.723070573669006	0.0
11.0	33.16137020222864	27.011968633924887	12.463887742468014	27.362773421378456	0.0
12.0	34.62649607924061	27.775484936029716	12.401981015270326	25.19603796945935	0.0
13.0	34.91539413949649	25.794469665703673	13.103590590177467	26.186545604622367	0.0
14.0	34.00742880726372	27.34213784564589	12.71151465125877	25.938918695831614	0.0
15.0	34.33759801898473	27.87866281469253	12.401981015270326	25.381758151052413	0.0
16.0	34.316962443252166	26.392901361947995	13.227404044572843	26.062732150226992	0.0
17.0	32.99628559636814	26.516714816343377	13.103590590177467	27.38340899711102	0.0
18.0	33.862979777135784	28.889806025588115	12.835328105654147	24.411886091621955	0.0
19.0	32.02641353693768	29.013619479983493	13.371853074700784	25.588113908378045	0.0
20.0	34.00742880726372	26.97069748245976	12.422616591002889	26.599257119273627	0.0
21.0	33.30581923235658	27.30086669418077	13.248039620305407	26.145274453157242	0.0
22.0	33.34709038382171	27.34213784564589	12.3607098638052	26.950061906727196	0.0
23.0	32.87247214197276	27.34213784564589	12.732150226991331	27.05323978539001	0.0
24.0	33.22327692942633	27.961205117622782	12.15435410647957	26.661163846471315	0.0
25.0	33.88361535286835	26.062732150226992	12.278167560874948	27.775484936029716	0.0
26.0	32.64548080891457	25.897647544366485	12.257531985142386	29.199339661576555	0.0
27.0	33.92488650433347	27.692942633099467	11.040033016921171	27.34213784564589	0.0
28.0	35.493190260008255	25.670656211308295	10.276516714816344	28.559636813867108	0.0
29.0	35.28683450268262	24.329343788691705	10.193974411886092	30.18984729673958	0.0
30.0	35.297005400098186	23.883161512027492	9.180166912125676	31.639666175748648	0.0
31.0	36.403897254207266	23.265426631237084	9.241216415707115	31.089459698848536	0.0
32.0	34.26294820717131	24.88228902571532	9.344440420137632	31.510322346975734	0.0
33.0	36.35959056519804	25.144637294170003	8.45571873609257	30.040053404539385	0.0
34.0	34.9390919158361	27.906976744186046	8.305647840531561	28.848283499446293	0.0
35.0	34.52299245024022	25.737817433081673	8.922443376801647	30.81674673987646	0.0
36.0	36.394557823129254	24.404761904761905	8.758503401360544	30.4421768707483	0.0
37.0	34.09326424870466	27.56476683937824	8.911917098445596	29.430051813471504	0.0
38.0	35.76072821846554	26.007802340702213	9.752925877763328	28.47854356306892	0.0
39.0	37.362637362637365	24.960753532182103	8.948194662480377	28.728414442700156	0.0
40.0	38.31417624521073	20.49808429118774	10.153256704980842	31.03448275862069	0.0
41.0	34.45190156599553	24.161073825503358	8.277404921700224	33.1096196868009	0.0
42.0	37.75811209439528	24.188790560471976	9.144542772861357	28.908554572271388	0.0
43.0	34.63035019455253	23.73540856031128	8.949416342412452	32.68482490272373	0.0
44.0	42.3728813559322	25.98870056497175	7.909604519774012	23.728813559322035	0.0
45.0	40.8	24.0	8.0	27.200000000000003	0.0
46.0	40.25974025974026	32.467532467532465	2.5974025974025974	24.675324675324674	0.0
47.0	31.57894736842105	26.31578947368421	2.631578947368421	39.473684210526315	0.0
48.0	33.33333333333333	38.095238095238095	0.0	28.57142857142857	0.0
