Pos	C>T	G>A	A>C	A>G	A>T	C>A	C>G	G>C	G>T	T>A	T>C	T>G	->ACGT	ACGT>-
24	0.099846	0.006637	0.002041	0.009184	0.000000	0.000000	0.000000	0.000000	0.001106	0.000000	0.004421	0.000000	0.000000	0.000000
23	0.099846	0.008663	0.000931	0.011173	0.000931	0.001536	0.000000	0.000000	0.000000	0.000883	0.001765	0.000000	0.000000	0.000000
22	0.059633	0.003663	0.000000	0.005747	0.000958	0.003058	0.000000	0.000000	0.000000	0.000000	0.001741	0.000000	0.000000	0.000000
21	0.046729	0.004651	0.000000	0.004840	0.000968	0.003115	0.000000	0.000000	0.001163	0.000884	0.005305	0.000000	0.000000	0.000000
20	0.041602	0.005794	0.000000	0.006554	0.000936	0.001541	0.001541	0.001159	0.000000	0.002765	0.007373	0.000922	0.000273	0.000000
19	0.054487	0.009195	0.005571	0.002786	0.000929	0.000000	0.000000	0.000000	0.000000	0.000913	0.004566	0.000000	0.000000	0.000000
18	0.062992	0.007001	0.000000	0.004912	0.000000	0.000000	0.001575	0.000000	0.000000	0.000000	0.006055	0.000000	0.000000	0.000000
17	0.060790	0.004745	0.000915	0.002745	0.000000	0.003040	0.000000	0.000000	0.000000	0.000000	0.003731	0.000933	0.000000	0.000000
16	0.045926	0.004831	0.000000	0.006816	0.000000	0.000000	0.001481	0.000000	0.000000	0.000880	0.003521	0.000000	0.000000	0.000000
15	0.099213	0.010193	0.000000	0.003714	0.001857	0.000000	0.000000	0.000000	0.003398	0.000934	0.006536	0.000934	0.000000	0.000000
14	0.069692	0.010651	0.000000	0.003613	0.001807	0.000000	0.000000	0.001183	0.003550	0.001823	0.008204	0.000000	0.000000	0.000000
13	0.089506	0.002491	0.000974	0.005842	0.000000	0.000000	0.000000	0.000000	0.001245	0.000000	0.005897	0.000000	0.000273	0.000000
12	0.079268	0.007290	0.000942	0.002825	0.000942	0.000000	0.000000	0.000000	0.003645	0.000890	0.008007	0.001779	0.000273	0.000000
11	0.082043	0.003628	0.000000	0.006410	0.001832	0.000000	0.001548	0.000000	0.000000	0.001817	0.005450	0.000000	0.000000	0.000000
10	0.100610	0.010169	0.000000	0.006776	0.001936	0.000000	0.001524	0.001130	0.000000	0.000000	0.002747	0.000000	0.000000	0.000000
9	0.088748	0.004587	0.001887	0.005660	0.000000	0.000000	0.000000	0.001147	0.001147	0.000907	0.004533	0.000000	0.000000	0.000000
8	0.122029	0.003654	0.000000	0.002693	0.000000	0.000000	0.000000	0.000000	0.000000	0.000000	0.007273	0.000000	0.000000	0.000000
7	0.118380	0.008584	0.000000	0.002964	0.002964	0.001558	0.001558	0.002146	0.001073	0.000926	0.002778	0.000926	0.000000	0.000000
6	0.134615	0.003517	0.000946	0.007569	0.001892	0.001603	0.000000	0.000000	0.000000	0.001767	0.004417	0.001767	0.000000	0.000000
5	0.176962	0.002350	0.000948	0.009479	0.000948	0.000000	0.000000	0.000000	0.000000	0.000861	0.003445	0.000000	0.000000	0.000000
4	0.226688	0.007919	0.000935	0.001869	0.000000	0.001608	0.001608	0.000000	0.000000	0.000000	0.001835	0.001835	0.000000	0.000000
3	0.242908	0.010216	0.000000	0.003680	0.000920	0.000000	0.001773	0.000000	0.000000	0.003527	0.005291	0.000000	0.000000	0.000000
2	0.363462	0.008959	0.000000	0.006683	0.001671	0.000000	0.000000	0.001120	0.000000	0.000947	0.002841	0.000947	0.000000	0.000000
1	0.474336	0.006910	0.000000	0.005882	0.001176	0.001770	0.000000	0.000987	0.000000	0.000808	0.003231	0.001616	0.000000	0.000000
0	0.579027	0.001361	0.000000	0.009390	0.003521	0.000000	0.000000	0.000000	0.001361	0.000704	0.002111	0.000704	0.000000	0.000000
