Pos	C>T	G>A	A>C	A>G	A>T	C>A	C>G	G>C	G>T	T>A	T>C	T>G	->ACGT	ACGT>-
0	0.640086	0.003371	0.000000	0.006055	0.000000	0.000000	0.000000	0.000000	0.000000	0.000865	0.003460	0.000865	0.000000	0.000000
1	0.483636	0.003367	0.000000	0.004550	0.000910	0.001818	0.000000	0.001122	0.001122	0.001776	0.005329	0.000000	0.000000	0.000000
2	0.368696	0.005663	0.002852	0.003802	0.000951	0.001739	0.001739	0.001133	0.001133	0.000000	0.004325	0.000865	0.000000	0.000000
3	0.311031	0.003322	0.000000	0.002820	0.000940	0.001808	0.001808	0.001107	0.000000	0.000873	0.003490	0.000873	0.000000	0.000000
4	0.224490	0.004306	0.000955	0.006686	0.000955	0.000000	0.003401	0.001076	0.000000	0.000908	0.003633	0.000000	0.000000	0.000000
5	0.176271	0.004530	0.000904	0.001808	0.000904	0.000000	0.000000	0.000000	0.000000	0.000920	0.002760	0.000000	0.000000	0.000000
6	0.155709	0.002144	0.000992	0.002976	0.000000	0.000000	0.000000	0.000000	0.000000	0.000872	0.006103	0.000000	0.000000	0.000000
7	0.114516	0.006803	0.000980	0.005882	0.000000	0.000000	0.000000	0.000000	0.001134	0.000000	0.002622	0.000000	0.000000	0.000000
8	0.119048	0.002230	0.000995	0.005970	0.000995	0.000000	0.000000	0.000000	0.001115	0.000000	0.002646	0.000882	0.000000	0.000000
9	0.103858	0.004860	0.001921	0.006724	0.000961	0.001484	0.000000	0.001215	0.001215	0.000000	0.005319	0.000887	0.000000	0.000000
10	0.080123	0.005800	0.001842	0.009208	0.001842	0.000000	0.000000	0.001160	0.000000	0.002806	0.004677	0.000000	0.000000	0.000000
11	0.085714	0.005848	0.001871	0.006548	0.000935	0.001681	0.000000	0.000000	0.000000	0.000873	0.003490	0.000873	0.000273	0.000000
12	0.086879	0.012291	0.001845	0.002768	0.000923	0.000000	0.000000	0.000000	0.000000	0.000890	0.005343	0.000000	0.000000	0.000000
13	0.063704	0.002407	0.000921	0.006446	0.000000	0.002963	0.001481	0.000000	0.001203	0.000931	0.002793	0.000000	0.000000	0.000000
14	0.082822	0.010321	0.000000	0.005929	0.000000	0.001534	0.000000	0.000000	0.000000	0.000000	0.004425	0.000000	0.000000	0.000000
15	0.058824	0.005549	0.000000	0.006554	0.000936	0.001681	0.000000	0.000000	0.001110	0.000000	0.003630	0.000907	0.000000	0.000000
16	0.091884	0.006031	0.000000	0.005401	0.001800	0.000000	0.000000	0.000000	0.001206	0.000933	0.006530	0.000000	0.000273	0.000000
17	0.067265	0.006031	0.000000	0.004748	0.000950	0.000000	0.002990	0.000000	0.002413	0.000000	0.005381	0.000897	0.000000	0.000000
18	0.058296	0.005242	0.000000	0.008571	0.000952	0.001495	0.001495	0.000000	0.002621	0.001689	0.002534	0.000000	0.000000	0.000000
19	0.076347	0.009852	0.001880	0.004699	0.000940	0.000000	0.000000	0.000000	0.000000	0.000891	0.008021	0.000000	0.000000	0.000000
20	0.068429	0.005889	0.000000	0.002812	0.000937	0.000000	0.000000	0.000000	0.001178	0.000903	0.004517	0.000000	0.000000	0.000000
21	0.067293	0.007151	0.000000	0.004708	0.000000	0.001565	0.000000	0.000000	0.000000	0.000000	0.005329	0.000000	0.000000	0.000000
22	0.060790	0.004773	0.000917	0.006416	0.000000	0.000000	0.000000	0.001193	0.001193	0.001854	0.004634	0.000927	0.000000	0.000000
23	0.068913	0.004790	0.000933	0.004664	0.000933	0.001531	0.000000	0.000000	0.000000	0.000904	0.005425	0.000000	0.000000	0.000000
24	0.084695	0.007143	0.000000	0.001901	0.000000	0.000000	0.004458	0.000000	0.000000	0.000908	0.009991	0.000000	0.000000	0.000000
