End	Std	Pos	A	C	G	T	Total
3p	+	1	336	156	136	666	1294
3p	+	2	347	181	242	524	1294
3p	+	3	513	181	182	418	1294
3p	+	4	452	247	187	408	1294
3p	+	5	442	262	193	397	1294
3p	+	6	421	273	212	388	1294
3p	+	7	427	306	185	376	1294
3p	+	8	442	290	198	364	1294
3p	+	9	470	319	173	332	1294
3p	+	10	438	329	168	359	1294
3p	+	11	428	333	166	367	1294
3p	+	12	444	326	194	330	1294
3p	+	13	441	335	179	339	1294
3p	+	14	415	338	172	369	1294
3p	+	15	465	308	171	350	1294
3p	+	16	463	311	183	337	1294
3p	+	17	395	342	194	363	1294
3p	+	18	471	323	180	320	1294
3p	+	19	427	329	171	367	1294
3p	+	20	453	319	180	342	1294
3p	+	21	420	332	170	372	1294
3p	+	22	425	329	176	364	1294
3p	+	23	423	327	172	372	1294
3p	+	24	434	321	171	368	1294
3p	+	25	401	330	190	373	1294
3p	+	26	398	325	196	375	1294
3p	+	27	461	283	180	370	1294
3p	+	28	442	272	185	395	1294
3p	+	29	431	246	200	417	1294
3p	+	30	453	188	204	449	1294
3p	+	31	372	174	161	368	1075
3p	+	32	309	127	128	302	866
3p	+	33	240	105	128	224	697
3p	+	34	196	59	106	170	531
3p	+	35	134	69	71	141	415
3p	+	36	127	38	40	124	329
3p	+	37	101	26	33	90	250
3p	+	38	77	33	36	52	198
3p	+	39	55	23	30	52	160
3p	+	40	50	18	21	39	128
3p	+	41	37	12	12	42	103
3p	+	42	34	16	8	36	94
3p	+	43	19	8	10	31	68
3p	+	44	20	5	7	18	50
3p	+	45	15	4	3	9	31
3p	+	46	5	1	8	5	19
3p	+	47	6	1	3	3	13
3p	+	48	4	1	0	2	7
3p	+	49	0	0	0	2	2
3p	+	50	0	0	0	0	0
3p	+	51	0	0	0	0	0
3p	+	52	0	0	0	0	0
3p	+	53	0	0	0	0	0
3p	+	54	0	0	0	0	0
3p	+	55	0	0	0	0	0
3p	+	56	0	0	0	0	0
3p	+	57	0	0	0	0	0
3p	+	58	0	0	0	0	0
3p	+	59	0	0	0	0	0
3p	+	60	0	0	0	0	0
3p	+	61	0	0	0	0	0
3p	+	62	0	0	0	0	0
3p	+	63	0	0	0	0	0
3p	+	64	0	0	0	0	0
3p	+	65	0	0	0	0	0
3p	+	66	0	0	0	0	0
3p	+	67	0	0	0	0	0
3p	+	68	0	0	0	0	0
3p	+	69	0	0	0	0	0
3p	+	70	0	0	0	0	0
3p	+	71	0	0	0	0	0
3p	+	72	0	0	0	0	0
3p	+	73	0	0	0	0	0
3p	+	74	0	0	0	0	0
3p	+	75	0	0	0	0	0
3p	+	76	0	0	0	0	0
3p	+	77	0	0	0	0	0
3p	+	78	0	0	0	0	0
3p	+	79	0	0	0	0	0
3p	+	80	0	0	0	0	0
3p	+	81	0	0	0	0	0
3p	+	82	0	0	0	0	0
3p	+	83	0	0	0	0	0
3p	+	84	0	0	0	0	0
3p	+	85	0	0	0	0	0
3p	+	86	0	0	0	0	0
3p	+	87	0	0	0	0	0
3p	+	88	0	0	0	0	0
3p	+	89	0	0	0	0	0
3p	+	90	0	0	0	0	0
3p	+	91	0	0	0	0	0
3p	+	92	0	0	0	0	0
3p	+	93	0	0	0	0	0
3p	+	94	0	0	0	0	0
3p	+	95	0	0	0	0	0
3p	+	96	0	0	0	0	0
3p	+	97	0	0	0	0	0
3p	+	98	0	0	0	0	0
3p	+	99	0	0	0	0	0
3p	+	100	0	0	0	0	0
3p	-	1	507	124	606	1135	2372
3p	-	2	506	120	770	976	2372
3p	-	3	683	154	711	824	2372
3p	-	4	643	185	690	854	2372
3p	-	5	633	220	689	830	2372
3p	-	6	625	225	647	875	2372
3p	-	7	625	239	675	833	2372
3p	-	8	574	279	728	791	2372
3p	-	9	644	243	648	837	2372
3p	-	10	619	254	704	795	2372
3p	-	11	605	260	717	790	2372
3p	-	12	644	272	638	818	2372
3p	-	13	623	280	640	829	2372
3p	-	14	607	261	634	870	2372
3p	-	15	647	276	665	784	2372
3p	-	16	618	268	693	793	2372
3p	-	17	630	305	638	799	2372
3p	-	18	624	298	663	787	2372
3p	-	19	592	272	686	822	2372
3p	-	20	623	282	685	782	2372
3p	-	21	649	298	696	729	2372
3p	-	22	609	287	684	792	2372
3p	-	23	619	288	650	815	2372
3p	-	24	635	267	642	828	2372
3p	-	25	574	263	716	819	2372
3p	-	26	631	232	705	804	2372
3p	-	27	654	250	703	765	2372
3p	-	28	606	202	727	837	2372
3p	-	29	593	210	690	879	2372
3p	-	30	649	179	677	867	2372
3p	-	31	523	149	623	762	2057
3p	-	32	453	102	515	685	1755
3p	-	33	407	91	396	550	1444
3p	-	34	316	70	342	477	1205
3p	-	35	253	59	303	365	980
3p	-	36	221	52	222	297	792
3p	-	37	174	40	179	255	648
3p	-	38	135	31	170	198	534
3p	-	39	125	16	113	182	436
3p	-	40	97	20	107	141	365
3p	-	41	81	19	92	113	305
3p	-	42	69	19	73	95	256
3p	-	43	48	10	70	69	197
3p	-	44	35	7	50	60	152
3p	-	45	23	10	40	46	119
3p	-	46	27	6	24	33	90
3p	-	47	12	3	25	23	63
3p	-	48	5	1	11	17	34
3p	-	49	6	1	5	3	15
3p	-	50	0	0	0	0	0
3p	-	51	0	0	0	0	0
3p	-	52	0	0	0	0	0
3p	-	53	0	0	0	0	0
3p	-	54	0	0	0	0	0
3p	-	55	0	0	0	0	0
3p	-	56	0	0	0	0	0
3p	-	57	0	0	0	0	0
3p	-	58	0	0	0	0	0
3p	-	59	0	0	0	0	0
3p	-	60	0	0	0	0	0
3p	-	61	0	0	0	0	0
3p	-	62	0	0	0	0	0
3p	-	63	0	0	0	0	0
3p	-	64	0	0	0	0	0
3p	-	65	0	0	0	0	0
3p	-	66	0	0	0	0	0
3p	-	67	0	0	0	0	0
3p	-	68	0	0	0	0	0
3p	-	69	0	0	0	0	0
3p	-	70	0	0	0	0	0
3p	-	71	0	0	0	0	0
3p	-	72	0	0	0	0	0
3p	-	73	0	0	0	0	0
3p	-	74	0	0	0	0	0
3p	-	75	0	0	0	0	0
3p	-	76	0	0	0	0	0
3p	-	77	0	0	0	0	0
3p	-	78	0	0	0	0	0
3p	-	79	0	0	0	0	0
3p	-	80	0	0	0	0	0
3p	-	81	0	0	0	0	0
3p	-	82	0	0	0	0	0
3p	-	83	0	0	0	0	0
3p	-	84	0	0	0	0	0
3p	-	85	0	0	0	0	0
3p	-	86	0	0	0	0	0
3p	-	87	0	0	0	0	0
3p	-	88	0	0	0	0	0
3p	-	89	0	0	0	0	0
3p	-	90	0	0	0	0	0
3p	-	91	0	0	0	0	0
3p	-	92	0	0	0	0	0
3p	-	93	0	0	0	0	0
3p	-	94	0	0	0	0	0
3p	-	95	0	0	0	0	0
3p	-	96	0	0	0	0	0
3p	-	97	0	0	0	0	0
3p	-	98	0	0	0	0	0
3p	-	99	0	0	0	0	0
3p	-	100	0	0	0	0	0
5p	+	1	493	109	209	483	1294
5p	+	2	467	160	212	455	1294
5p	+	3	435	210	204	445	1294
5p	+	4	447	214	194	439	1294
5p	+	5	442	248	184	420	1294
5p	+	6	451	282	188	373	1294
5p	+	7	431	275	194	394	1294
5p	+	8	434	314	196	350	1294
5p	+	9	419	295	191	389	1294
5p	+	10	437	337	172	348	1294
5p	+	11	406	346	191	351	1294
5p	+	12	417	315	176	386	1294
5p	+	13	471	283	180	360	1294
5p	+	14	416	334	186	358	1294
5p	+	15	425	320	173	376	1294
5p	+	16	464	312	182	336	1294
5p	+	17	448	316	182	348	1294
5p	+	18	420	351	168	355	1294
5p	+	19	433	352	151	358	1294
5p	+	20	431	336	172	355	1294
5p	+	21	431	339	182	342	1294
5p	+	22	467	322	164	341	1294
5p	+	23	436	344	174	340	1294
5p	+	24	436	307	186	365	1294
5p	+	25	432	347	161	354	1294
5p	+	26	423	294	198	379	1294
5p	+	27	453	289	200	352	1294
5p	+	28	432	287	183	392	1294
5p	+	29	422	255	198	419	1294
5p	+	30	409	216	192	477	1294
5p	+	31	356	172	144	403	1075
5p	+	32	276	154	126	310	866
5p	+	33	221	98	118	260	697
5p	+	34	167	83	84	197	531
5p	+	35	130	75	69	141	415
5p	+	36	107	44	46	132	329
5p	+	37	94	23	42	91	250
5p	+	38	71	26	36	65	198
5p	+	39	48	23	28	61	160
5p	+	40	49	22	16	41	128
5p	+	41	44	13	18	28	103
5p	+	42	31	13	14	36	94
5p	+	43	24	12	13	19	68
5p	+	44	15	6	7	22	50
5p	+	45	8	2	5	16	31
5p	+	46	5	3	2	9	19
5p	+	47	5	2	2	4	13
5p	+	48	0	1	1	5	7
5p	+	49	0	0	1	1	2
5p	+	50	0	0	0	0	0
5p	+	51	0	0	0	0	0
5p	+	52	0	0	0	0	0
5p	+	53	0	0	0	0	0
5p	+	54	0	0	0	0	0
5p	+	55	0	0	0	0	0
5p	+	56	0	0	0	0	0
5p	+	57	0	0	0	0	0
5p	+	58	0	0	0	0	0
5p	+	59	0	0	0	0	0
5p	+	60	0	0	0	0	0
5p	+	61	0	0	0	0	0
5p	+	62	0	0	0	0	0
5p	+	63	0	0	0	0	0
5p	+	64	0	0	0	0	0
5p	+	65	0	0	0	0	0
5p	+	66	0	0	0	0	0
5p	+	67	0	0	0	0	0
5p	+	68	0	0	0	0	0
5p	+	69	0	0	0	0	0
5p	+	70	0	0	0	0	0
5p	+	71	0	0	0	0	0
5p	+	72	0	0	0	0	0
5p	+	73	0	0	0	0	0
5p	+	74	0	0	0	0	0
5p	+	75	0	0	0	0	0
5p	+	76	0	0	0	0	0
5p	+	77	0	0	0	0	0
5p	+	78	0	0	0	0	0
5p	+	79	0	0	0	0	0
5p	+	80	0	0	0	0	0
5p	+	81	0	0	0	0	0
5p	+	82	0	0	0	0	0
5p	+	83	0	0	0	0	0
5p	+	84	0	0	0	0	0
5p	+	85	0	0	0	0	0
5p	+	86	0	0	0	0	0
5p	+	87	0	0	0	0	0
5p	+	88	0	0	0	0	0
5p	+	89	0	0	0	0	0
5p	+	90	0	0	0	0	0
5p	+	91	0	0	0	0	0
5p	+	92	0	0	0	0	0
5p	+	93	0	0	0	0	0
5p	+	94	0	0	0	0	0
5p	+	95	0	0	0	0	0
5p	+	96	0	0	0	0	0
5p	+	97	0	0	0	0	0
5p	+	98	0	0	0	0	0
5p	+	99	0	0	0	0	0
5p	+	100	0	0	0	0	0
5p	-	1	660	62	686	964	2372
5p	-	2	632	130	679	931	2372
5p	-	3	615	160	678	919	2372
5p	-	4	618	170	710	874	2372
5p	-	5	601	212	749	810	2372
5p	-	6	656	208	693	815	2372
5p	-	7	576	221	740	835	2372
5p	-	8	585	239	685	863	2372
5p	-	9	580	264	710	818	2372
5p	-	10	599	275	653	845	2372
5p	-	11	674	259	675	764	2372
5p	-	12	649	235	682	806	2372
5p	-	13	619	240	707	806	2372
5p	-	14	667	299	650	756	2372
5p	-	15	591	282	696	803	2372
5p	-	16	602	251	721	798	2372
5p	-	17	661	285	647	779	2372
5p	-	18	632	277	662	801	2372
5p	-	19	614	279	616	863	2372
5p	-	20	634	292	637	809	2372
5p	-	21	638	265	664	805	2372
5p	-	22	597	279	674	822	2372
5p	-	23	653	281	666	772	2372
5p	-	24	635	307	650	780	2372
5p	-	25	625	277	678	792	2372
5p	-	26	614	301	683	774	2372
5p	-	27	597	242	695	838	2372
5p	-	28	624	229	658	861	2372
5p	-	29	610	205	704	853	2372
5p	-	30	594	177	666	935	2372
5p	-	31	526	148	593	790	2057
5p	-	32	442	117	488	708	1755
5p	-	33	337	98	440	569	1444
5p	-	34	290	100	376	439	1205
5p	-	35	253	65	278	384	980
5p	-	36	210	55	235	292	792
5p	-	37	159	52	192	245	648
5p	-	38	139	33	151	211	534
5p	-	39	123	38	129	146	436
5p	-	40	85	20	102	158	365
5p	-	41	71	19	93	122	305
5p	-	42	68	10	95	83	256
5p	-	43	35	10	55	97	197
5p	-	44	41	9	44	58	152
5p	-	45	30	8	28	53	119
5p	-	46	21	6	23	40	90
5p	-	47	10	5	23	25	63
5p	-	48	5	1	14	14	34
5p	-	49	4	2	4	5	15
5p	-	50	0	0	0	0	0
5p	-	51	0	0	0	0	0
5p	-	52	0	0	0	0	0
5p	-	53	0	0	0	0	0
5p	-	54	0	0	0	0	0
5p	-	55	0	0	0	0	0
5p	-	56	0	0	0	0	0
5p	-	57	0	0	0	0	0
5p	-	58	0	0	0	0	0
5p	-	59	0	0	0	0	0
5p	-	60	0	0	0	0	0
5p	-	61	0	0	0	0	0
5p	-	62	0	0	0	0	0
5p	-	63	0	0	0	0	0
5p	-	64	0	0	0	0	0
5p	-	65	0	0	0	0	0
5p	-	66	0	0	0	0	0
5p	-	67	0	0	0	0	0
5p	-	68	0	0	0	0	0
5p	-	69	0	0	0	0	0
5p	-	70	0	0	0	0	0
5p	-	71	0	0	0	0	0
5p	-	72	0	0	0	0	0
5p	-	73	0	0	0	0	0
5p	-	74	0	0	0	0	0
5p	-	75	0	0	0	0	0
5p	-	76	0	0	0	0	0
5p	-	77	0	0	0	0	0
5p	-	78	0	0	0	0	0
5p	-	79	0	0	0	0	0
5p	-	80	0	0	0	0	0
5p	-	81	0	0	0	0	0
5p	-	82	0	0	0	0	0
5p	-	83	0	0	0	0	0
5p	-	84	0	0	0	0	0
5p	-	85	0	0	0	0	0
5p	-	86	0	0	0	0	0
5p	-	87	0	0	0	0	0
5p	-	88	0	0	0	0	0
5p	-	89	0	0	0	0	0
5p	-	90	0	0	0	0	0
5p	-	91	0	0	0	0	0
5p	-	92	0	0	0	0	0
5p	-	93	0	0	0	0	0
5p	-	94	0	0	0	0	0
5p	-	95	0	0	0	0	0
5p	-	96	0	0	0	0	0
5p	-	97	0	0	0	0	0
5p	-	98	0	0	0	0	0
5p	-	99	0	0	0	0	0
5p	-	100	0	0	0	0	0
